6.97262e-06 -1.05648e+07
7.69908e-06 -1.0563e+07
8.50117e-06 -1.05609e+07
9.38681e-06 -1.05583e+07
1.03648e-05 -1.05551e+07
1.14446e-05 -1.05512e+07
1.26369e-05 -1.05465e+07
1.39535e-05 -1.05408e+07
1.54072e-05 -1.05338e+07
1.70124e-05 -1.05253e+07
1.87848e-05 -1.05149e+07
2.07418e-05 -1.05022e+07
2.29028e-05 -1.04868e+07
2.52889e-05 -1.0468e+07
2.79236e-05 -1.04451e+07
3.08327e-05 -1.04173e+07
3.40449e-05 -1.03835e+07
3.75918e-05 -1.03423e+07
4.15082e-05 -1.02923e+07
4.58327e-05 -1.02316e+07
5.06077e-05 -1.01579e+07
5.58801e-05 -1.00686e+07
6.17019e-05 -9.96046e+06
6.81302e-05 -9.82982e+06
7.52285e-05 -9.67225e+06
8.30657e-05 -9.48267e+06
9.17195e-05 -9.25524e+06
0.000101276 -8.98337e+06
0.000111826 -8.65985e+06
0.000123477 -8.27693e+06
0.000136341 -7.82677e+06
0.000150545 -7.30194e+06
0.00016623 -6.69635e+06
0.000183548 -6.00653e+06
0.000202671 -5.23336e+06
0.000223786 -4.38434e+06
0.0002471 -3.47608e+06
0.000272844 -2.53691e+06
0.000301269 -1.60857e+06
0.000332657 -745924
0.000367314 -12994.4
0.000405582 526702
0.000447837 826222
0.000494493 875851
0.000546011 721150
0.000602896 465091
0.000665707 239184
0.000735062 141063
0.000811646 168812
0.0008962 217523
0.000989574 182868
0.00109267 91414.5
0.00120651 62708
0.0013322 97082.7
0.001471 73397.6
0.00162425 28851.5
0.00179347 44698.6
0.00198032 27475
0.00218663 23307.5
0.00241444 13566.1
0.00266599 15755.7
0.00294374 6426.52
0.00325042 8798.15
0.00358906 8524.81
0.00396298 5662.28
0.00437586 3295.36
0.00483175 2341.87
0.00533513 2708.57
0.00589096 1668.46
0.0065047 472.519
0.00718238 1281.76
0.00793062 574.501
0.00875689 321.464
0.00966924 224.222
0.0106766 461.41
0.0117889 54.6273
0.0130171 108.394
0.0143732 137.824
0.0158707 38.4694
0.0175242 16.2656
0.0193499 9.83518
0.0213658 43.9202
0.0235918 40.427
0.0260497 7.38261
0.0287636 13.5368
0.0316399 0
0.0345163 0
0.0373926 0
0.040269 0
0.0431454 0
0.0460217 0
0.048898 0
0.0517744 0
0.0546507 0
0.0575271 0
0.0604035 0
0.0639934 0
0.0675833 0
0.0711732 0
0.0747631 0
0.0783529 0
0.0819427 0
0.0855325 0
0.0891223 0
0.0927129 0
0.0963027 0
0.0998925 0
0.103482 0
0.107072 0
0.110662 0
0.114252 0
0.117842 0
0.121431 0
0.125022 0
0.128612 0
0.132202 0
0.135791 0
0.139381 0
0.142971 0
0.146561 0
0.150151 0
0.153741 0
0.157331 0
0.160921 0
0.164511 0
0.168101 0
0.17169 0
0.17528 0
0.17887 0
0.18246 0
0.18605 0
0.189639 0
0.19323 0
0.19682 0
0.20041 0
0.203999 0
0.207589 0
0.211179 0
0.214769 0
0.218359 0
0.221949 0
0.225539 0
0.229129 0
0.232719 0
0.236309 0
0.239898 0
0.243488 0
0.247078 0
0.250668 0
0.254258 0
0.257848 0
0.261438 0
0.265028 0
0.268618 0
0.272207 0
0.275797 0
0.279387 0
0.282977 0
0.286567 0
0.290157 0
0.293747 0
0.297337 0
0.300927 0
0.304517 0
0.308106 0
0.311696 0
0.315286 0
0.318876 0
0.322466 0
0.326056 0
0.329646 0
0.333236 0
0.336826 0
0.340415 0
0.344005 0
0.347595 0
0.351185 0
0.354775 0
0.358365 0
0.361955 0
0.365545 0
0.369135 0
0.372725 0
0.376314 0
0.379904 0
0.383494 0
0.383614 0
0.383652 0
0.38369 0
0.383729 0
0.383767 0
0.383805 0
0.383844 0
0.383882 0
0.383921 0
0.383959 0
0.383997 0
0.384036 0
0.384074 0
0.384112 0
0.384151 0
0.384189 0
0.384228 0
0.384266 0
0.384305 0
0.384343 0
0.384381 0
0.38442 0
0.384459 0
0.384497 0
0.384536 0
0.384574 0
0.384612 0
0.384651 0
0.384689 0
0.384728 0
0.384766 0
0.384805 0
0.384843 0
0.384881 0
0.38492 0
0.384958 0
0.384997 0
0.385035 0
0.385074 0
0.385113 0
0.385151 0
0.38519 0
0.385228 0
0.385267 0
0.385305 0
0.385344 0
0.385382 0
0.38542 0
0.385459 0
0.385498 0
0.385537 0
0.385575 0
0.385614 0
0.385652 0
0.38569 0
0.385729 0
0.385768 0
0.385807 0
0.385845 0
0.385884 0
0.385922 0
0.385961 0
0.385999 0
0.386038 0
0.386076 0
0.386115 0
0.386154 0
0.386193 0
0.386231 0
0.386269 0
0.386308 0
0.386347 0
0.386386 0
0.386424 0
0.386463 0
0.386502 0
0.38654 0
0.386579 0
0.386618 0
0.386656 0
0.386695 0
0.386733 0
0.386773 0
0.38681 0
0.38685 0
0.386888 0
0.386927 0
0.386965 0
0.387005 0
0.387043 0
0.387082 0
0.38712 0
0.387159 0
0.387198 0
0.387237 0
0.387275 0
0.387314 0
0.387352 0
0.387392 0
0.38743 0
0.387469 0
0.387508 0
0.387546 0
0.387586 0
0.387624 0
0.387663 0
0.387701 0
0.387741 0
0.387779 0
0.387818 0
0.387857 0
0.387896 0
0.387934 0
0.387973 0
0.388012 0
0.38805 0
0.38809 0
0.388128 0
0.388167 0
0.388206 0
0.388245 0
0.388283 0
0.388322 0
0.388361 0
0.3884 0
0.388439 0
0.388477 0
0.388517 0
0.388555 0
0.388594 0
0.388633 0
0.388672 0
0.388711 0
0.388749 0
0.388789 0
0.388827 0
0.388866 0
0.388906 0
0.388944 0
0.388983 0
0.389022 0
0.389061 0
0.3891 0
0.389138 0
0.389178 0
0.389217 0
0.389255 0
0.389294 0
0.389333 0
0.389373 0
0.389411 0
0.38945 0
0.389489 0
0.389528 0
0.389567 0
0.389606 0
0.389645 0
0.389684 0
0.389723 0
0.389762 0
0.389801 0
0.389839 0
0.389879 0
0.389918 0
0.389956 0
0.389996 0
0.390035 0
0.390074 0
0.390113 0
0.390151 0
0.390191 0
0.39023 0
0.390269 0
0.390308 0
0.390347 0
0.390385 0
0.390425 0
0.390464 0
0.390503 0
0.390543 0
0.390581 0
0.39062 0
0.390659 0
0.390698 0
0.390737 0
0.390777 0
0.390816 0
0.390854 0
0.390894 0
0.390933 0
0.390972 0
0.391011 0
0.39105 0
0.391089 0
0.391129 0
0.391167 0
0.391206 0
0.391246 0
0.391285 0
0.391324 0
0.391363 0
0.391403 0
0.391441 0
0.39148 0
0.39152 0
0.391559 0
0.391598 0
0.391637 0
0.391677 0
0.391715 0
0.391755 0
0.391794 0
0.391833 0
0.391872 0
0.391912 0
0.391951 0
0.391989 0
0.392029 0
0.392068 0
0.392107 0
0.392146 0
0.392186 0
0.392225 0
0.392264 0
0.392303 0
0.392343 0
0.392382 0
0.392421 0
0.39246 0
0.3925 0
0.392539 0
0.392578 0
0.392617 0
0.392657 0
0.392696 0
0.392735 0
0.392775 0
0.392814 0
0.392853 0
0.392892 0
0.392932 0
0.392971 0
0.39301 0
0.39305 0
0.393089 0
0.393128 0
0.393168 0
0.393207 0
0.393246 0
0.393286 0
0.393325 0
0.393364 0
0.393403 0
0.393443 0
0.393482 0
0.393522 0
0.393561 0
0.3936 0
0.39364 0
0.393679 0
0.393718 0
0.393758 0
0.393797 0
0.393837 0
0.393876 0
0.393915 0
0.393954 0
0.393994 0
0.394034 0
0.394073 0
0.394112 0
0.394152 0
0.394191 0
0.39423 0
0.39427 0
0.394309 0
0.394349 0
0.394388 0
0.394428 0
0.394467 0
0.394507 0
0.394546 0
0.394585 0
0.394625 0
0.394664 0
0.394704 0
0.394743 0
0.394783 0
0.394822 0
0.394862 0
0.394901 0
0.394941 0
0.394981 0
0.39502 0
0.395059 0
0.395099 0
0.395138 0
0.395178 0
0.395217 0
0.395257 0
0.395296 0
0.395336 0
0.395375 0
0.395415 0
0.395454 0
0.395494 0
0.395534 0
0.395573 0
0.395613 0
0.395652 0
0.395692 0
0.395731 0
0.395771 0
0.395811 0
0.39585 0
0.39589 0
0.395929 0
0.395969 0
0.396008 0
0.396048 0
0.396088 0
0.396127 0
0.396167 0
0.396207 0
0.396247 0
0.396286 0
0.396326 0
0.396365 0
0.396404 0
0.396444 0
0.396484 0
0.396523 0
0.396563 0
0.396603 0
0.396643 0
0.396682 0
0.396722 0
0.396762 0
0.396801 0
0.396841 0
0.396881 0
0.39692 0
0.39696 0
0.396999 0
0.397039 0
0.397079 0
0.397119 0
0.397159 0
0.397199 0
0.397238 0
0.397278 0
0.397318 0
0.397357 0
0.397397 0
0.397437 0
0.397477 0
0.397516 0
0.397556 0
0.397596 0
0.397635 0
0.397675 0
0.397715 0
0.397755 0
0.397794 0
0.397834 0
0.397874 0
0.397914 0
0.397953 0
0.397993 0
0.398033 0
0.398073 0
0.398113 0
0.398153 0
0.398193 0
0.398232 0
0.398272 0
0.398312 0
0.398352 0
0.398392 0
0.398432 0
0.398472 0
0.398511 0
0.398551 0
0.398591 0
0.398631 0
0.398671 0
0.398711 0
0.398751 0
0.39879 0
0.39883 0
0.39887 0
0.39891 0
0.39895 0
0.39899 0
0.39903 0
0.399069 0
0.399109 0
0.399149 0
0.399189 0
0.399229 0
0.399269 0
0.399309 0
0.399349 0
0.399389 0
0.399429 0
0.399469 0
0.399508 0
0.399549 0
0.399589 0
0.399629 0
0.399669 0
0.399709 0
0.399749 0
0.399789 0
0.399829 0
0.399869 0
0.399909 0
0.399949 0
0.399988 0
0.400028 0
0.400068 0
0.400108 0
0.400148 0
0.400188 0
0.400229 0
0.400269 0
0.400309 0
0.400349 0
0.400389 0
0.400429 0
0.400469 0
0.400509 0
0.400549 0
0.400589 0
0.400629 0
0.400669 0
0.400709 0
0.400749 0
0.400789 0
0.40083 0
0.40087 0
0.40091 0
0.40095 0
0.40099 0
0.40103 0
0.40107 0
0.40111 0
0.40115 0
0.40119 0
0.40123 0
0.401271 0
0.401311 0
0.401351 0
0.401391 0
0.401431 0
0.401471 0
0.401511 0
0.401552 0
0.401592 0
0.401632 0
0.401672 0
0.401712 0
0.401752 0
0.401792 0
0.401833 0
0.401873 0
0.401913 0
0.401953 0
0.401993 0
0.402033 0
0.402074 0
0.402114 0
0.402155 0
0.402195 0
0.402235 0
0.402275 0
0.402315 0
0.402355 0
0.402396 0
0.402436 0
0.402476 0
0.402516 0
0.402557 0
0.402597 0
0.402637 0
0.402678 0
0.402717 0
0.402758 0
0.402798 0
0.402839 0
0.402879 0
0.402919 0
0.402959 0
0.403 0
0.40304 0
0.403081 0
0.403121 0
0.403161 0
0.403201 0
0.403242 0
0.403282 0
0.403322 0
0.403362 0
0.403403 0
0.403443 0
0.403484 0
0.403524 0
0.403564 0
0.403605 0
0.403645 0
0.403686 0
0.403726 0
0.403766 0
0.403806 0
0.403847 0
0.403887 0
0.403928 0
0.403968 0
0.404008 0
0.404049 0
0.404089 0
0.404129 0
0.40417 0
0.404211 0
0.404251 0
0.404291 0
0.404332 0
0.404372 0
0.404413 0
0.404453 0
0.404494 0
0.404534 0
0.404574 0
0.404615 0
0.404655 0
0.404696 0
0.404736 0
0.404777 0
0.404818 0
0.404858 0
0.404898 0
0.404939 0
0.404979 0
0.40502 0
0.40506 0
0.405101 0
0.405141 0
0.405182 0
0.405222 0
0.405263 0
0.405303 0
0.405344 0
0.405385 0
0.405425 0
0.405465 0
0.405506 0
0.405547 0
0.405587 0
0.405628 0
0.405669 0
0.405709 0
0.405749 0
0.40579 0
0.405831 0
0.405871 0
0.405912 0
0.405953 0
0.405993 0
0.406033 0
0.406074 0
0.406115 0
0.406155 0
0.406196 0
0.406237 0
0.406277 0
0.406318 0
0.406358 0
0.406399 0
0.40644 0
0.40648 0
0.406521 0
0.406562 0
0.406602 0
0.406643 0
0.406684 0
0.406724 0
0.406765 0
0.406806 0
0.406846 0
0.406887 0
0.406928 0
0.406968 0
0.407009 0
0.40705 0
0.407091 0
0.407131 0
0.407172 0
0.407213 0
0.407254 0
0.407294 0
0.407335 0
0.407376 0
0.407416 0
0.407457 0
0.407498 0
0.407539 0
0.40758 0
0.40762 0
0.407661 0
0.407702 0
0.407742 0
0.407783 0
0.407824 0
0.407865 0
0.407906 0
0.407946 0
0.407987 0
0.408028 0
0.408069 0
0.40811 0
0.40815 0
0.408192 0
0.408232 0
0.408273 0
0.408314 0
0.408354 0
0.408396 0
0.408436 0
0.408477 0
0.408518 0
0.408559 0
0.4086 0
0.40864 0
0.408682 0
0.408722 0
0.408763 0
0.408804 0
0.408845 0
0.408886 0
0.408926 0
0.408968 0
0.409008 0
0.40905 0
0.40909 0
0.409131 0
0.409172 0
0.409213 0
0.409254 0
0.409295 0
0.409336 0
0.409377 0
0.409418 0
0.409458 0
0.4095 0
0.40954 0
0.409582 0
0.409622 0
0.409664 0
0.409704 0
0.409745 0
0.409786 0
0.409827 0
0.409868 0
0.409909 0
0.40995 0
0.409991 0
0.410032 0
0.410073 0
0.410114 0
0.410155 0
0.410196 0
0.410237 0
0.410278 0
0.410319 0
0.41036 0
0.410401 0
0.410443 0
0.410484 0
0.410525 0
0.410565 0
0.410607 0
0.410648 0
0.410689 0
0.41073 0
0.410771 0
0.410812 0
0.410853 0
0.410894 0
0.410935 0
0.410977 0
0.411017 0
0.411059 0
0.4111 0
0.411141 0
0.411182 0
0.411223 0
0.411264 0
0.411305 0
0.411347 0
0.411387 0
0.411429 0
0.411469 0
0.411511 0
0.411552 0
0.411594 0
0.411634 0
0.411676 0
0.411717 0
0.411758 0
0.411799 0
0.41184 0
0.411882 0
0.411923 0
0.411964 0
0.412005 0
0.412046 0
0.412088 0
0.412128 0
0.41217 0
0.412211 0
0.412252 0
0.412294 0
0.412335 0
0.412376 0
0.412417 0
0.412459 0
0.4125 0
0.412541 0
0.412583 0
0.412623 0
0.412665 0
0.412706 0
0.412747 0
0.412789 0
0.41283 0
0.412871 0
0.412912 0
0.412953 0
0.412995 0
0.413036 0
0.413078 0
0.413119 0
0.41316 0
0.413202 0
0.413243 0
0.413284 0
0.413326 0
0.413367 0
0.413408 0
0.41345 0
0.413491 0
0.413533 0
0.413574 0
0.413615 0
0.413657 0
0.413698 0
0.413739 0
0.413781 0
0.413822 0
0.413863 0
0.413905 0
0.413946 0
0.413987 0
0.414029 0
0.41407 0
0.414112 0
0.414153 0
0.414194 0
0.414236 0
0.414278 0
0.414319 0
0.41436 0
0.414402 0
0.414443 0
0.414484 0
0.414526 0
0.414568 0
0.414609 0
0.414651 0
0.414692 0
0.414733 0
0.414775 0
0.414816 0
0.414858 0
0.414899 0
0.414941 0
0.414982 0
0.415024 0
0.415066 0
0.415107 0
0.415148 0
0.41519 0
0.415231 0
0.415272 0
0.415314 0
0.415356 0
0.415397 0
0.415439 0
0.415481 0
0.415522 0
0.415563 0
0.415605 0
0.415647 0
0.415688 0
0.41573 0
0.415772 0
0.415813 0
0.415854 0
0.415896 0
0.415938 0
0.41598 0
0.416021 0
0.416063 0
0.416104 0
0.416146 0
0.416187 0
0.416229 0
0.416271 0
0.416313 0
0.416354 0
0.416395 0
0.416437 0
0.416479 0
0.416521 0
0.416562 0
0.416604 0
0.416646 0
0.416687 0
0.416729 0
0.41677 0
0.416812 0
0.416854 0
0.416896 0
0.416937 0
0.416979 0
0.417021 0
0.417062 0
0.417104 0
0.417146 0
0.417188 0
0.41723 0
0.417271 0
0.417312 0
0.417354 0
0.417396 0
0.417438 0
0.41748 0
0.417521 0
0.417563 0
0.417605 0
0.417647 0
0.417689 0
0.41773 0
0.417772 0
0.417814 0
0.417856 0
0.417897 0
0.417939 0
0.417981 0
0.418022 0
0.418064 0
0.418107 0
0.418148 0
0.41819 0
0.418232 0
0.418273 0
0.418315 0
0.418358 0
0.4184 0
0.418441 0
0.418483 0
0.418524 0
0.418566 0
0.418608 0
0.418651 0
0.418693 0
0.418734 0
0.418776 0
0.418817 0
0.418859 0
0.418901 0
0.418944 0
0.418986 0
0.419027 0
0.419069 0
0.419111 0
0.419153 0
0.419195 0
0.419237 0
0.419279 0
0.419321 0
0.419363 0
0.419404 0
0.419446 0
0.419488 0
0.41953 0
0.419572 0
0.419614 0
0.419656 0
0.419698 0
0.41974 0
0.419782 0
0.419824 0
0.419866 0
0.419908 0
0.41995 0
0.419992 0
0.420034 0
0.420076 0
0.420118 0
0.42016 0
0.420202 0
0.420244 0
0.420286 0
0.420328 0
0.42037 0
0.420412 0
0.420454 0
0.420496 0
0.420538 0
0.42058 0
0.420622 0
0.420664 0
0.420707 0
0.420749 0
0.420791 0
0.420833 0
0.420875 0
0.420917 0
0.420959 0
0.421002 0
0.421044 0
0.421085 0
0.421127 0
0.42117 0
0.421212 0
0.421254 0
0.421296 0
0.421338 0
0.42138 0
0.421422 0
0.421464 0
0.421507 0
0.421549 0
0.421591 0
0.421633 0
0.421675 0
0.421717 0
0.421759 0
0.421802 0
0.421844 0
0.421886 0
0.421928 0
0.42197 0
0.422013 0
0.422055 0
0.422097 0
0.422139 0
0.422181 0
0.422224 0
0.422266 0
0.422308 0
0.42235 0
0.422393 0
0.422435 0
0.422477 0
0.42252 0
0.422561 0
0.422604 0
0.422646 0
0.422688 0
0.422731 0
0.422773 0
0.422816 0
0.422857 0
0.4229 0
0.422942 0
0.422985 0
0.423027 0
0.42307 0
0.423112 0
0.423154 0
0.423196 0
0.423239 0
0.423281 0
0.423323 0
0.423365 0
0.423408 0
0.42345 0
0.423492 0
0.423535 0
0.423577 0
0.42362 0
0.423662 0
0.423705 0
0.423747 0
0.423789 0
0.423832 0
0.423874 0
0.423916 0
0.423958 0
0.424001 0
0.424043 0
0.424085 0
0.424128 0
0.424171 0
0.424213 0
0.424256 0
0.424298 0
0.42434 0
0.424383 0
0.424425 0
0.424467 0
0.42451 0
0.424553 0
0.424595 0
0.424638 0
0.42468 0
0.424723 0
0.424765 0
0.424807 0
0.42485 0
0.424892 0
0.424935 0
0.424977 0
0.42502 0
0.425063 0
0.425105 0
0.425147 0
0.42519 0
0.425233 0
0.425275 0
0.425317 0
0.42536 0
0.425403 0
0.425445 0
0.425488 0
0.42553 0
0.425573 0
0.425615 0
0.425658 0
0.4257 0
0.425743 0
0.425785 0
0.425828 0
0.425871 0
0.425913 0
0.425956 0
0.425998 0
0.426041 0
0.426084 0
0.426127 0
0.426169 0
0.426212 0
0.426254 0
0.426297 0
0.42634 0
0.426382 0
0.426425 0
0.426467 0
0.42651 0
0.426553 0
0.426596 0
0.426638 0
0.42668 0
0.426723 0
0.426766 0
0.426809 0
0.426852 0
0.426894 0
0.426937 0
0.42698 0
0.427023 0
0.427065 0
0.427107 0
0.42715 0
0.427193 0
0.427236 0
0.427278 0
0.427321 0
0.427364 0
0.427407 0
0.427449 0
0.427492 0
0.427535 0
0.427578 0
0.427621 0
0.427663 0
0.427706 0
0.427749 0
0.427792 0
0.427834 0
0.427877 0
0.42792 0
0.427963 0
0.428005 0
0.428048 0
0.428091 0
0.428134 0
0.428176 0
0.42822 0
0.428262 0
0.428305 0
0.428348 0
0.428391 0
0.428434 0
0.428476 0
0.428519 0
0.428562 0
0.428605 0
0.428647 0
0.428691 0
0.428734 0
0.428776 0
0.428819 0
0.428862 0
0.428905 0
0.428948 0
0.428991 0
0.429034 0
0.429076 0
0.42912 0
0.429163 0
0.429205 0
0.429248 0
0.429292 0
0.429334 0
0.429377 0
0.42942 0
0.429463 0
0.429506 0
0.429549 0
0.429592 0
0.429635 0
0.429678 0
0.429721 0
0.429763 0
0.429807 0
0.42985 0
0.429892 0
0.429936 0
0.429979 0
0.430022 0
0.430064 0
0.430108 0
0.43015 0
0.430194 0
0.430237 0
0.43028 0
0.430323 0
0.430366 0
0.430409 0
0.430452 0
0.430495 0
0.430538 0
0.430582 0
0.430624 0
0.430667 0
0.430711 0
0.430753 0
0.430797 0
0.43084 0
0.430883 0
0.430926 0
0.430968 0
0.431012 0
0.431055 0
0.431098 0
0.431142 0
0.431184 0
0.431228 0
0.431271 0
0.431313 0
0.431357 0
0.4314 0
0.431443 0
0.431487 0
0.431529 0
0.431573 0
0.431616 0
0.431659 0
0.431702 0
0.431745 0
0.431789 0
0.431832 0
0.431875 0
0.431918 0
0.431961 0
0.432005 0
0.432047 0
0.432091 0
0.432134 0
0.432177 0
0.43222 0
0.432264 0
0.432307 0
0.43235 0
0.432394 0
0.432437 0
0.43248 0
0.432523 0
0.432566 0
0.43261 0
0.432653 0
0.432696 0
0.43274 0
0.432783 0
0.432826 0
0.432869 0
0.432912 0
0.432956 0
0.432999 0
0.433043 0
0.433086 0
0.433129 0
0.433172 0
0.433216 0
0.433259 0
0.433302 0
0.433346 0
0.433389 0
0.433433 0
0.433476 0
0.433519 0
0.433562 0
0.433606 0
0.433649 0
0.433693 0
0.433736 0
0.43378 0
0.433823 0
0.433866 0
0.433909 0
0.433953 0
0.433996 0
0.43404 0
0.434083 0
0.434126 0
0.43417 0
0.434213 0
0.434257 0
0.4343 0
0.434343 0
0.434387 0
0.434431 0
0.434474 0
0.434518 0
0.434561 0
0.434604 0
0.434647 0
0.434691 0
0.434735 0
0.434778 0
0.434822 0
0.434865 0
0.434908 0
0.434952 0
0.434996 0
0.435039 0
0.435083 0
0.435126 0
0.43517 0
0.435213 0
0.435257 0
0.4353 0
0.435343 0
0.435388 0
0.435431 0
0.435475 0
0.435517 0
0.435561 0
0.435605 0
0.435648 0
0.435692 0
0.435736 0
0.435779 0
0.435823 0
0.435866 0
0.43591 0
0.435953 0
0.435997 0
0.436041 0
0.436084 0
0.436128 0
0.436171 0
0.436215 0
0.436259 0
0.436302 0
0.436347 0
0.43639 0
0.436433 0
0.436477 0
0.43652 0
0.436565 0
0.436608 0
0.436651 0
0.436696 0
0.436739 0
0.436783 0
0.436826 0
0.43687 0
0.436914 0
0.436958 0
0.437001 0
0.437045 0
0.437088 0
0.437132 0
0.437176 0
0.43722 0
0.437263 0
0.437308 0
0.43735 0
0.437395 0
0.437438 0
0.437482 0
0.437526 0
0.43757 0
0.437613 0
0.437657 0
0.437701 0
0.437744 0
0.437789 0
0.437832 0
0.437876 0
0.43792 0
0.437963 0
0.438007 0
0.438051 0
0.438095 0
0.438139 0
0.438182 0
0.438227 0
0.43827 0
0.438314 0
0.438358 0
0.438402 0
0.438445 0
0.43849 0
0.438534 0
0.438577 0
0.438621 0
0.438665 0
0.438709 0
0.438752 0
0.438797 0
0.438841 0
0.438884 0
0.438928 0
0.438972 0
0.439016 0
0.43906 0
0.439104 0
0.439148 0
0.439192 0
0.439235 0
0.43928 0
0.439323 0
0.439367 0
0.439411 0
0.439455 0
0.4395 0
0.439543 0
0.439587 0
0.439631 0
0.439675 0
0.439719 0
0.439763 0
0.439807 0
0.439851 0
0.439895 0
0.439938 0
0.439983 0
0.440027 0
0.440071 0
0.440115 0
0.440159 0
0.440203 0
0.440247 0
0.440291 0
0.440335 0
0.440379 0
0.440424 0
0.440467 0
0.440511 0
0.440555 0
0.4406 0
0.440644 0
0.440688 0
0.440731 0
0.440775 0
0.44082 0
0.440864 0
0.440908 0
0.440952 0
0.440996 0
0.44104 0
0.441084 0
0.441128 0
0.441172 0
0.441216 0
0.441261 0
0.441305 0
0.441349 0
0.441393 0
0.441437 0
0.441481 0
0.441526 0
0.44157 0
0.441614 0
0.441658 0
0.441702 0
0.441746 0
0.441791 0
0.441835 0
0.441879 0
0.441923 0
0.441967 0
0.442011 0
0.442056 0
0.4421 0
0.442144 0
0.442188 0
0.442233 0
0.442277 0
0.44232 0
0.442365 0
0.44241 0
0.442454 0
0.442498 0
0.442542 0
0.442587 0
0.44263 0
0.442675 0
0.442719 0
0.442764 0
0.442808 0
0.442852 0
0.442897 0
0.44294 0
0.442985 0
0.443029 0
0.443073 0
0.443118 0
0.443162 0
0.443207 0
0.443251 0
0.443295 0
0.44334 0
0.443384 0
0.443428 0
0.443473 0
0.443517 0
0.443561 0
0.443605 0
0.44365 0
0.443694 0
0.443739 0
0.443783 0
0.443828 0
0.443872 0
0.443916 0
0.443961 0
0.444005 0
0.444049 0
0.444094 0
0.444138 0
0.444182 0
0.444227 0
0.444271 0
0.444316 0
0.44436 0
0.444405 0
0.444449 0
0.444494 0
0.444538 0
0.444583 0
0.444627 0
0.444672 0
0.444716 0
0.444761 0
0.444805 0
0.444849 0
0.444894 0
0.444938 0
0.444983 0
0.445028 0
0.445072 0
0.445116 0
0.445161 0
0.445205 0
0.44525 0
0.445295 0
0.445339 0
0.445384 0
0.445428 0
0.445472 0
0.445517 0
0.445562 0
0.445606 0
0.445651 0
0.445696 0
0.44574 0
0.445784 0
0.445829 0
0.445874 0
0.445919 0
0.445963 0
0.446008 0
0.446052 0
0.446097 0
0.446141 0
0.446186 0
0.446231 0
0.446276 0
0.44632 0
0.446365 0
0.446409 0
0.446454 0
0.446498 0
0.446543 0
0.446587 0
0.446632 0
0.446676 0
0.446721 0
0.446766 0
0.446811 0
0.446856 0
0.446901 0
0.446945 0
0.44699 0
0.447034 0
0.447079 0
0.447124 0
0.447169 0
0.447213 0
0.447258 0
0.447302 0
0.447347 0
0.447392 0
0.447437 0
0.447482 0
0.447527 0
0.447572 0
0.447616 0
0.447661 0
0.447706 0
0.44775 0
0.447795 0
0.44784 0
0.447885 0
0.447929 0
0.447974 0
0.448019 0
0.448064 0
0.448109 0
0.448154 0
0.448198 0
0.448243 0
0.448288 0
0.448333 0
0.448378 0
0.448423 0
0.448468 0
0.448512 0
0.448557 0
0.448601 0
0.448646 0
0.448692 0
0.448737 0
0.448782 0
0.448826 0
0.448871 0
0.448915 0
0.448961 0
0.449006 0
0.449051 0
0.449096 0
0.449141 0
0.449185 0
0.44923 0
0.449275 0
0.44932 0
0.449365 0
0.44941 0
0.449455 0
0.449499 0
0.449545 0
0.44959 0
0.449635 0
0.44968 0
0.449725 0
0.44977 0
0.449814 0
0.44986 0
0.449905 0
0.449949 0
0.449995 0
0.45004 0
0.450085 0
0.45013 0
0.450174 0
0.450219 0
0.450265 0
0.45031 0
0.450355 0
0.4504 0
0.450444 0
0.45049 0
0.450535 0
0.45058 0
0.450625 0
0.45067 0
0.450716 0
0.45076 0
0.450805 0
0.45085 0
0.450896 0
0.450941 0
0.450986 0
0.451031 0
0.451076 0
0.451121 0
0.451166 0
0.451211 0
0.451256 0
0.451302 0
0.451347 0
0.451391 0
0.451437 0
0.451482 0
0.451527 0
0.451572 0
0.451618 0
0.451663 0
0.451708 0
0.451753 0
0.451798 0
0.451844 0
0.451888 0
0.451934 0
0.451979 0
0.452024 0
0.452069 0
0.452115 0
0.45216 0
0.452205 0
0.45225 0
0.452296 0
0.452341 0
0.452386 0
0.452431 0
0.452477 0
0.452521 0
0.452567 0
0.452613 0
0.452657 0
0.452702 0
0.452748 0
0.452793 0
0.452838 0
0.452884 0
0.452929 0
0.452975 0
0.45302 0
0.453065 0
0.45311 0
0.453156 0
0.453201 0
0.453246 0
0.453292 0
0.453337 0
0.453382 0
0.453428 0
0.453473 0
0.453518 0
0.453564 0
0.453609 0
0.453654 0
0.4537 0
0.453745 0
0.45379 0
0.453836 0
0.453881 0
0.453927 0
0.453972 0
0.454017 0
0.454063 0
0.454109 0
0.454154 0
0.4542 0
0.454244 0
0.45429 0
0.454336 0
0.45438 0
0.454426 0
0.454472 0
0.454517 0
0.454563 0
0.454608 0
0.454653 0
0.454699 0
0.454744 0
0.45479 0
0.454835 0
0.454881 0
0.454927 0
0.454972 0
0.455018 0
0.455063 0
0.455109 0
0.455154 0
0.4552 0
0.455245 0
0.45529 0
0.455336 0
0.455382 0
0.455427 0
0.455473 0
0.455518 0
0.455564 0
0.455609 0
0.455655 0
0.4557 0
0.455746 0
0.455792 0
0.455837 0
0.455883 0
0.455928 0
0.455974 0
0.456019 0
0.456065 0
0.456111 0
0.456157 0
0.456202 0
0.456247 0
0.456294 0
0.456339 0
0.456385 0
0.45643 0
0.456476 0
0.456521 0
0.456567 0
0.456612 0
0.456659 0
0.456704 0
0.45675 0
0.456795 0
0.456841 0
0.456887 0
0.456933 0
0.456978 0
0.457024 0
0.45707 0
0.457116 0
0.457161 0
0.457207 0
0.457252 0
0.457298 0
0.457344 0
0.45739 0
0.457435 0
0.457481 0
0.457527 0
0.457573 0
0.457618 0
0.457664 0
0.45771 0
0.457756 0
0.457801 0
0.457847 0
0.457893 0
0.457939 0
0.457985 0
0.458031 0
0.458076 0
0.458122 0
0.458168 0
0.458214 0
0.45826 0
0.458305 0
0.458352 0
0.458397 0
0.458443 0
0.458488 0
0.458535 0
0.45858 0
0.458626 0
0.458672 0
0.458718 0
0.458764 0
0.458809 0
0.458856 0
0.458901 0
0.458948 0
0.458994 0
0.459039 0
0.459085 0
0.459131 0
0.459177 0
0.459223 0
0.459269 0
0.459315 0
0.459361 0
0.459407 0
0.459452 0
0.459498 0
0.459545 0
0.45959 0
0.459637 0
0.459683 0
0.459728 0
0.459774 0
0.45982 0
0.459867 0
0.459912 0
0.459958 0
0.460005 0
0.46005 0
0.460096 0
0.460142 0
0.460188 0
0.460235 0
0.460281 0
0.460326 0
0.460372 0
0.460418 0
0.460464 0
0.460511 0
0.460557 0
0.460603 0
0.460649 0
0.460694 0
0.460741 0
0.460787 0
0.460833 0
0.460879 0
0.460925 0
0.460971 0
0.461017 0
0.461063 0
0.461109 0
0.461156 0
0.461202 0
0.461248 0
0.461294 0
0.46134 0
0.461386 0
0.461433 0
0.461479 0
0.461525 0
0.461571 0
0.461617 0
0.461663 0
0.461709 0
0.461756 0
0.461802 0
0.461848 0
0.461895 0
0.461941 0
0.461986 0
0.462033 0
0.462079 0
0.462125 0
0.462171 0
0.462218 0
0.462264 0
0.462309 0
0.462356 0
0.462403 0
0.462449 0
0.462495 0
0.462542 0
0.462588 0
0.462633 0
0.46268 0
0.462726 0
0.462773 0
0.462819 0
0.462865 0
0.462912 0
0.462957 0
0.463004 0
0.46305 0
0.463097 0
0.463143 0
0.463189 0
0.463236 0
0.463282 0
0.463328 0
0.463374 0
0.463421 0
0.463468 0
0.463514 0
0.46356 0
0.463606 0
0.463653 0
0.463699 0
0.463745 0
0.463792 0
0.463838 0
0.463885 0
0.463931 0
0.463977 0
0.464023 0
0.46407 0
0.464117 0
0.464163 0
0.46421 0
0.464255 0
0.464302 0
0.464349 0
0.464395 0
0.464442 0
0.464488 0
0.464534 0
0.464581 0
0.464627 0
0.464674 0
0.46472 0
0.464767 0
0.464813 0
0.46486 0
0.464906 0
0.464952 0
0.464999 0
0.465046 0
0.465092 0
0.465139 0
0.465186 0
0.465231 0
0.465278 0
0.465325 0
0.465371 0
0.465418 0
0.465465 0
0.465511 0
0.465557 0
0.465604 0
0.46565 0
0.465697 0
0.465744 0
0.465791 0
0.465837 0
0.465883 0
0.46593 0
0.465976 0
0.466023 0
0.46607 0
0.466117 0
0.466164 0
0.46621 0
0.466256 0
0.466303 0
0.466349 0
0.466396 0
0.466443 0
0.46649 0
0.466536 0
0.466583 0
0.46663 0
0.466676 0
0.466723 0
0.46677 0
0.466816 0
0.466863 0
0.466909 0
0.466956 0
0.467003 0
0.46705 0
0.467097 0
0.467144 0
0.46719 0
0.467236 0
0.467283 0
0.46733 0
0.467377 0
0.467423 0
0.46747 0
0.467517 0
0.467563 0
0.46761 0
0.467657 0
0.467704 0
0.467751 0
0.467798 0
0.467845 0
0.467891 0
0.467938 0
0.467985 0
0.468032 0
0.468079 0
0.468125 0
0.468172 0
0.468219 0
0.468265 0
0.468312 0
0.468359 0
0.468406 0
0.468453 0
0.4685 0
0.468546 0
0.468593 0
0.46864 0
0.468687 0
0.468734 0
0.468781 0
0.468828 0
0.468874 0
0.468921 0
0.468968 0
0.469015 0
0.469062 0
0.469109 0
0.469156 0
0.469203 0
0.46925 0
0.469297 0
0.469344 0
0.469391 0
0.469438 0
0.469485 0
0.469531 0
0.469578 0
0.469626 0
0.469673 0
0.46972 0
0.469767 0
0.469814 0
0.46986 0
0.469908 0
0.469955 0
0.470002 0
0.470049 0
0.470096 0
0.470142 0
0.470189 0
0.470236 0
0.470283 0
0.47033 0
0.470377 0
0.470425 0
0.470472 0
0.470519 0
0.470566 0
0.470613 0
0.47066 0
0.470707 0
0.470754 0
0.470801 0
0.470848 0
0.470895 0
0.470942 0
0.470989 0
0.471037 0
0.471084 0
0.471131 0
0.471178 0
0.471225 0
0.471272 0
0.471319 0
0.471366 0
0.471413 0
0.471461 0
0.471507 0
0.471555 0
0.471602 0
0.47165 0
0.471697 0
0.471744 0
0.471791 0
0.471838 0
0.471885 0
0.471932 0
0.47198 0
0.472027 0
0.472074 0
0.472121 0
0.472168 0
0.472215 0
0.472263 0
0.47231 0
0.472358 0
0.472405 0
0.472452 0
0.472499 0
0.472546 0
0.472593 0
0.472641 0
0.472688 0
0.472735 0
0.472783 0
0.472829 0
0.472877 0
0.472925 0
0.472972 0
0.473019 0
0.473066 0
0.473114 0
0.473161 0
0.473208 0
0.473256 0
0.473303 0
0.47335 0
0.473398 0
0.473445 0
0.473492 0
0.47354 0
0.473587 0
0.473634 0
0.473682 0
0.473729 0
0.473776 0
0.473823 0
0.473871 0
0.473919 0
0.473966 0
0.474013 0
0.474061 0
0.474109 0
0.474156 0
0.474203 0
0.47425 0
0.474298 0
0.474346 0
0.474393 0
0.47444 0
0.474487 0
0.474535 0
0.474583 0
0.47463 0
0.474678 0
0.474725 0
0.474773 0
0.47482 0
0.474867 0
0.474915 0
0.474963 0
0.47501 0
0.475058 0
0.475105 0
0.475153 0
0.4752 0
0.475247 0
0.475295 0
0.475342 0
0.47539 0
0.475438 0
0.475485 0
0.475532 0
0.47558 0
0.475628 0
0.475675 0
0.475723 0
0.475771 0
0.475818 0
0.475865 0
0.475913 0
0.475961 0
0.476008 0
0.476056 0
0.476104 0
0.476151 0
0.476199 0
0.476247 0
0.476294 0
0.476342 0
0.47639 0
0.476437 0
0.476484 0
0.476532 0
0.47658 0
0.476627 0
0.476676 0
0.476723 0
0.476771 0
0.476818 0
0.476866 0
0.476913 0
0.476962 0
0.477009 0
0.477057 0
0.477105 0
0.477152 0
0.4772 0
0.477248 0
0.477295 0
0.477343 0
0.477391 0
0.477439 0
0.477486 0
0.477534 0
0.477582 0
0.47763 0
0.477678 0
0.477725 0
0.477774 0
0.477821 0
0.477868 0
0.477917 0
0.477964 0
0.478012 0
0.47806 0
0.478108 0
0.478155 0
0.478203 0
0.478251 0
0.478299 0
0.478347 0
0.478395 0
0.478442 0
0.47849 0
0.478538 0
0.478586 0
0.478634 0
0.478681 0
0.47873 0
0.478777 0
0.478825 0
0.478873 0
0.478921 0
0.478969 0
0.479017 0
0.479065 0
0.479112 0
0.47916 0
0.479209 0
0.479256 0
0.479305 0
0.479352 0
0.479401 0
0.479448 0
0.479496 0
0.479544 0
0.479592 0
0.47964 0
0.479688 0
0.479736 0
0.479784 0
0.479832 0
0.479879 0
0.479928 0
0.479976 0
0.480024 0
0.480072 0
0.48012 0
0.480167 0
0.480216 0
0.480264 0
0.480312 0
0.48036 0
0.480408 0
0.480456 0
0.480504 0
0.480552 0
0.4806 0
0.480648 0
0.480697 0
0.480744 0
0.480793 0
0.48084 0
0.480889 0
0.480936 0
0.480985 0
0.481033 0
0.481081 0
0.481129 0
0.481177 0
0.481225 0
0.481274 0
0.481321 0
0.48137 0
0.481418 0
0.481466 0
0.481515 0
0.481562 0
0.48161 0
0.481659 0
0.481707 0
0.481755 0
0.481804 0
0.481852 0
0.4819 0
0.481948 0
0.481996 0
0.482044 0
0.482092 0
0.482141 0
0.482189 0
0.482237 0
0.482285 0
0.482334 0
0.482382 0
0.48243 0
0.482479 0
0.482526 0
0.482575 0
0.482623 0
0.482671 0
0.48272 0
0.482768 0
0.482816 0
0.482865 0
0.482913 0
0.482961 0
0.483009 0
0.483058 0
0.483106 0
0.483154 0
0.483203 0
0.48325 0
0.483299 0
0.483347 0
0.483396 0
0.483444 0
0.483492 0
0.483541 0
0.483589 0
0.483637 0
0.483686 0
0.483734 0
0.483783 0
0.483831 0
0.48388 0
0.483928 0
0.483976 0
0.484024 0
0.484073 0
0.484122 0
0.48417 0
0.484219 0
0.484266 0
0.484315 0
0.484364 0
0.484412 0
0.48446 0
0.484509 0
0.484558 0
0.484606 0
0.484654 0
0.484703 0
0.484751 0
0.4848 0
0.484848 0
0.484897 0
0.484945 0
0.484993 0
0.485042 0
0.485091 0
0.485139 0
0.485188 0
0.485236 0
0.485285 0
0.485333 0
0.485382 0
0.485431 0
0.485479 0
0.485527 0
0.485576 0
0.485624 0
0.485673 0
0.485721 0
0.485771 0
0.485819 0
0.485867 0
0.485916 0
0.485965 0
0.486013 0
0.486061 0
0.486111 0
0.486159 0
0.486208 0
0.486256 0
0.486305 0
0.486353 0
0.486402 0
0.486451 0
0.4865 0
0.486548 0
0.486597 0
0.486645 0
0.486694 0
0.486743 0
0.486791 0
0.48684 0
0.486889 0
0.486938 0
0.486986 0
0.487034 0
0.487084 0
0.487133 0
0.487181 0
0.48723 0
0.487278 0
0.487327 0
0.487376 0
0.487425 0
0.487473 0
0.487522 0
0.487571 0
0.48762 0
0.487668 0
0.487717 0
0.487766 0
0.487815 0
0.487864 0
0.487913 0
0.487961 0
0.48801 0
0.488059 0
0.488108 0
0.488156 0
0.488205 0
0.488254 0
0.488303 0
0.488352 0
0.4884 0
0.488449 0
0.488498 0
0.488547 0
0.488596 0
0.488645 0
0.488694 0
0.488742 0
0.488791 0
0.48884 0
0.488889 0
0.488938 0
0.488987 0
0.489036 0
0.489085 0
0.489133 0
0.489182 0
0.489231 0
0.48928 0
0.48933 0
0.489378 0
0.489427 0
0.489476 0
0.489525 0
0.489574 0
0.489623 0
0.489672 0
0.489721 0
0.48977 0
0.489819 0
0.489868 0
0.489917 0
0.489966 0
0.490015 0
0.490063 0
0.490113 0
0.490162 0
0.490211 0
0.49026 0
0.490309 0
0.490358 0
0.490407 0
0.490456 0
0.490505 0
0.490554 0
0.490603 0
0.490652 0
0.490701 0
0.49075 0
0.4908 0
0.490849 0
0.490898 0
0.490947 0
0.490996 0
0.491045 0
0.491094 0
0.491143 0
0.491192 0
0.491241 0
0.49129 0
0.49134 0
0.491389 0
0.491437 0
0.491487 0
0.491536 0
0.491585 0
0.491634 0
0.491684 0
0.491733 0
0.491782 0
0.491831 0
0.49188 0
0.49193 0
0.491979 0
0.492028 0
0.492077 0
0.492127 0
0.492176 0
0.492225 0
0.492274 0
0.492324 0
0.492373 0
0.492422 0
0.492471 0
0.49252 0
0.49257 0
0.492619 0
0.492668 0
0.492717 0
0.492767 0
0.492816 0
0.492865 0
0.492914 0
0.492964 0
0.493013 0
0.493062 0
0.493112 0
0.493161 0
0.49321 0
0.493259 0
0.493309 0
0.493358 0
0.493408 0
0.493457 0
0.493506 0
0.493556 0
0.493605 0
0.493655 0
0.493704 0
0.493754 0
0.493803 0
0.493852 0
0.493901 0
0.493951 0
0.494 0
0.494049 0
0.494099 0
0.494148 0
0.494197 0
0.494247 0
0.494297 0
0.494346 0
0.494396 0
0.494445 0
0.494495 0
0.494544 0
0.494593 0
0.494642 0
0.494692 0
0.494742 0
0.494791 0
0.494841 0
0.49489 0
0.49494 0
0.494989 0
0.495038 0
0.495088 0
0.495138 0
0.495187 0
0.495236 0
0.495286 0
0.495336 0
0.495385 0
0.495435 0
0.495484 0
0.495534 0
0.495583 0
0.495633 0
0.495683 0
0.495732 0
0.495782 0
0.495831 0
0.495881 0
0.49593 0
0.49598 0
0.49603 0
0.496079 0
0.496129 0
0.496178 0
0.496228 0
0.496277 0
0.496327 0
0.496377 0
0.496426 0
0.496476 0
0.496526 0
0.496576 0
0.496625 0
0.496675 0
0.496724 0
0.496774 0
0.496824 0
0.496874 0
0.496923 0
0.496973 0
0.497022 0
0.497072 0
0.497122 0
0.497172 0
0.497221 0
0.497271 0
0.497321 0
0.497371 0
0.49742 0
0.49747 0
0.49752 0
0.49757 0
0.49762 0
0.497669 0
0.497719 0
0.497769 0
0.497819 0
0.497868 0
0.497918 0
0.497968 0
0.498018 0
0.498068 0
0.498117 0
0.498167 0
0.498217 0
0.498267 0
0.498317 0
0.498367 0
0.498416 0
0.498466 0
0.498516 0
0.498566 0
0.498616 0
0.498665 0
0.498716 0
0.498765 0
0.498815 0
0.498865 0
0.498915 0
0.498965 0
0.499015 0
0.499065 0
0.499114 0
0.499165 0
0.499214 0
0.499264 0
0.499315 0
0.499364 0
0.499414 0
0.499464 0
0.499514 0
0.499564 0
0.499614 0
0.499664 0
0.499714 0
0.499764 0
0.499814 0
0.499863 0
0.499914 0
0.499964 0
0.500014 0
0.500064 0
0.500114 0
0.500163 0
0.500214 0
0.500264 0
0.500314 0
0.500364 0
0.500414 0
0.500464 0
0.500514 0
0.500564 0
0.500614 0
0.500664 0
0.500714 0
0.500764 0
0.500815 0
0.500864 0
0.500914 0
0.500965 0
0.501015 0
0.501065 0
0.501115 0
0.501165 0
0.501215 0
0.501265 0
0.501315 0
0.501366 0
0.501416 0
0.501466 0
0.501516 0
0.501566 0
0.501616 0
0.501666 0
0.501717 0
0.501767 0
0.501817 0
0.501868 0
0.501917 0
0.501968 0
0.502018 0
0.502068 0
0.502119 0
0.502168 0
0.502219 0
0.502269 0
0.502319 0
0.50237 0
0.502419 0
0.50247 0
0.50252 0
0.502571 0
0.502621 0
0.502671 0
0.502721 0
0.502771 0
0.502822 0
0.502872 0
0.502923 0
0.502972 0
0.503023 0
0.503073 0
0.503124 0
0.503174 0
0.503224 0
0.503275 0
0.503324 0
0.503375 0
0.503425 0
0.503476 0
0.503526 0
0.503577 0
0.503627 0
0.503677 0
0.503727 0
0.503778 0
0.503828 0
0.503879 0
0.503929 0
0.50398 0
0.50403 0
0.50408 0
0.50413 0
0.504181 0
0.504231 0
0.504282 0
0.504332 0
0.504383 0
0.504433 0
0.504484 0
0.504534 0
0.504585 0
0.504635 0
0.504686 0
0.504736 0
0.504787 0
0.504837 0
0.504888 0
0.504938 0
0.504988 0
0.505039 0
0.505089 0
0.50514 0
0.50519 0
0.505241 0
0.505292 0
0.505342 0
0.505393 0
0.505443 0
0.505494 0
0.505544 0
0.505595 0
0.505645 0
0.505696 0
0.505747 0
0.505797 0
0.505848 0
0.505898 0
0.505949 0
0.505999 0
0.50605 0
0.506101 0
0.506151 0
0.506202 0
0.506252 0
0.506304 0
0.506354 0
0.506405 0
0.506456 0
0.506505 0
0.506557 0
0.506607 0
0.506658 0
0.506709 0
0.506759 0
0.50681 0
0.50686 0
0.506911 0
0.506962 0
0.507012 0
0.507063 0
0.507114 0
0.507165 0
0.507215 0
0.507266 0
0.507317 0
0.507368 0
0.507418 0
0.507469 0
0.50752 0
0.50757 0
0.507621 0
0.507672 0
0.507723 0
0.507774 0
0.507825 0
0.507875 0
0.507926 0
0.507977 0
0.508027 0
0.508078 0
0.508129 0
0.50818 0
0.508231 0
0.508281 0
0.508332 0
0.508383 0
0.508434 0
0.508485 0
0.508536 0
0.508587 0
0.508637 0
0.508688 0
0.50874 0
0.50879 0
0.508841 0
0.508892 0
0.508943 0
0.508993 0
0.509044 0
0.509096 0
0.509146 0
0.509197 0
0.509248 0
0.5093 0
0.50935 0
0.509401 0
0.509452 0
0.509503 0
0.509554 0
0.509605 0
0.509656 0
0.509707 0
0.509757 0
0.509809 0
0.50986 0
0.509911 0
0.509962 0
0.510013 0
0.510064 0
0.510115 0
0.510165 0
0.510217 0
0.510268 0
0.510319 0
0.51037 0
0.510421 0
0.510472 0
0.510523 0
0.510574 0
0.510625 0
0.510676 0
0.510728 0
0.510778 0
0.510829 0
0.51088 0
0.510932 0
0.510983 0
0.511034 0
0.511085 0
0.511136 0
0.511187 0
0.511238 0
0.511289 0
0.51134 0
0.511391 0
0.511443 0
0.511494 0
0.511545 0
0.511596 0
0.511647 0
0.511698 0
0.51175 0
0.511801 0
0.511852 0
0.511903 0
0.511954 0
0.512005 0
0.512057 0
0.512109 0
0.51216 0
0.51221 0
0.512261 0
0.512313 0
0.512364 0
0.512416 0
0.512467 0
0.512518 0
0.512569 0
0.51262 0
0.512671 0
0.512723 0
0.512774 0
0.512826 0
0.512877 0
0.512929 0
0.512979 0
0.51303 0
0.513082 0
0.513133 0
0.513185 0
0.513236 0
0.513288 0
0.513339 0
0.51339 0
0.513441 0
0.513493 0
0.513544 0
0.513595 0
0.513647 0
0.513698 0
0.51375 0
0.513801 0
0.513853 0
0.513904 0
0.513955 0
0.514007 0
0.514057 0
0.514109 0
0.51416 0
0.514212 0
0.514263 0
0.514315 0
0.514366 0
0.514418 0
0.514469 0
0.514521 0
0.514572 0
0.514624 0
0.514675 0
0.514727 0
0.514778 0
0.514829 0
0.514881 0
0.514932 0
0.514984 0
0.515036 0
0.515087 0
0.515138 0
0.51519 0
0.515241 0
0.515293 0
0.515344 0
0.515396 0
0.515448 0
0.515499 0
0.51555 0
0.515602 0
0.515654 0
0.515705 0
0.515757 0
0.515809 0
0.51586 0
0.515911 0
0.515963 0
0.516015 0
0.516066 0
0.516118 0
0.51617 0
0.516221 0
0.516273 0
0.516324 0
0.516376 0
0.516428 0
0.51648 0
0.516531 0
0.516583 0
0.516634 0
0.516686 0
0.516738 0
0.51679 0
0.516842 0
0.516893 0
0.516945 0
0.516996 0
0.517048 0
0.5171 0
0.517152 0
0.517203 0
0.517255 0
0.517306 0
0.517358 0
0.51741 0
0.517462 0
0.517514 0
0.517565 0
0.517617 0
0.517669 0
0.517721 0
0.517773 0
0.517824 0
0.517876 0
0.517928 0
0.51798 0
0.518031 0
0.518083 0
0.518135 0
0.518187 0
0.518239 0
0.518291 0
0.518343 0
0.518394 0
0.518446 0
0.518497 0
0.518549 0
0.518601 0
0.518654 0
0.518706 0
0.518757 0
0.518809 0
0.518861 0
0.518912 0
0.518965 0
0.519017 0
0.519069 0
0.51912 0
0.519173 0
0.519224 0
0.519276 0
0.519328 0
0.51938 0
0.519432 0
0.519484 0
0.519536 0
0.519588 0
0.51964 0
0.519692 0
0.519744 0
0.519796 0
0.519848 0
0.519899 0
0.519951 0
0.520004 0
0.520056 0
0.520108 0
0.52016 0
0.520211 0
0.520263 0
0.520316 0
0.520368 0
0.52042 0
0.520472 0
0.520524 0
0.520576 0
0.520628 0
0.52068 0
0.520732 0
0.520784 0
0.520837 0
0.520889 0
0.52094 0
0.520992 0
0.521045 0
0.521097 0
0.521149 0
0.521201 0
0.521253 0
0.521305 0
0.521358 0
0.521409 0
0.521461 0
0.521514 0
0.521566 0
0.521618 0
0.52167 0
0.521722 0
0.521775 0
0.521827 0
0.521879 0
0.521931 0
0.521984 0
0.522035 0
0.522088 0
0.52214 0
0.522192 0
0.522244 0
0.522297 0
0.522349 0
0.522401 0
0.522453 0
0.522506 0
0.522558 0
0.52261 0
0.522663 0
0.522715 0
0.522767 0
0.522819 0
0.522872 0
0.522924 0
0.522976 0
0.523029 0
0.523081 0
0.523132 0
0.523185 0
0.523238 0
0.52329 0
0.523342 0
0.523395 0
0.523447 0
0.523499 0
0.523552 0
0.523604 0
0.523656 0
0.523709 0
0.523761 0
0.523814 0
0.523866 0
0.523918 0
0.523971 0
0.524023 0
0.524075 0
0.524128 0
0.52418 0
0.524232 0
0.524285 0
0.524337 0
0.52439 0
0.524443 0
0.524495 0
0.524548 0
0.5246 0
0.524652 0
0.524705 0
0.524757 0
0.52481 0
0.524863 0
0.524915 0
0.524967 0
0.52502 0
0.525072 0
0.525125 0
0.525177 0
0.52523 0
0.525282 0
0.525334 0
0.525387 0
0.525439 0
0.525493 0
0.525545 0
0.525598 0
0.52565 0
0.525702 0
0.525755 0
0.525807 0
0.52586 0
0.525913 0
0.525966 0
0.526018 0
0.52607 0
0.526123 0
0.526176 0
0.526229 0
0.526281 0
0.526334 0
0.526387 0
0.526439 0
0.526492 0
0.526544 0
0.526597 0
0.52665 0
0.526703 0
0.526755 0
0.526808 0
0.52686 0
0.526913 0
0.526966 0
0.527019 0
0.527071 0
0.527124 0
0.527177 0
0.527229 0
0.527282 0
0.527335 0
0.527388 0
0.52744 0
0.527493 0
0.527545 0
0.527599 0
0.527651 0
0.527704 0
0.527757 0
0.52781 0
0.527863 0
0.527915 0
0.527968 0
0.528021 0
0.528074 0
0.528126 0
0.52818 0
0.528232 0
0.528285 0
0.528337 0
0.528391 0
0.528443 0
0.528497 0
0.528549 0
0.528602 0
0.528655 0
0.528708 0
0.528761 0
0.528813 0
0.528867 0
0.528919 0
0.528972 0
0.529025 0
0.529078 0
0.529131 0
0.529183 0
0.529237 0
0.52929 0
0.529343 0
0.529396 0
0.529448 0
0.529501 0
0.529554 0
0.529608 0
0.52966 0
0.529713 0
0.529767 0
0.529819 0
0.529872 0
0.529925 0
0.529978 0
0.530031 0
0.530084 0
0.530138 0
0.53019 0
0.530243 0
0.530296 0
0.530349 0
0.530403 0
0.530456 0
0.530508 0
0.530561 0
0.530614 0
0.530668 0
0.530721 0
0.530774 0
0.530827 0
0.53088 0
0.530932 0
0.530986 0
0.531039 0
0.531092 0
0.531146 0
0.531199 0
0.531252 0
0.531305 0
0.531358 0
0.531411 0
0.531464 0
0.531517 0
0.53157 0
0.531624 0
0.531676 0
0.53173 0
0.531783 0
0.531836 0
0.531889 0
0.531943 0
0.531996 0
0.532049 0
0.532102 0
0.532156 0
0.532209 0
0.532262 0
0.532316 0
0.532369 0
0.532421 0
0.532475 0
0.532528 0
0.532581 0
0.532635 0
0.532688 0
0.532742 0
0.532794 0
0.532848 0
0.532901 0
0.532954 0
0.533007 0
0.533061 0
0.533115 0
0.533167 0
0.533221 0
0.533274 0
0.533328 0
0.533381 0
0.533434 0
0.533488 0
0.533541 0
0.533594 0
0.533647 0
0.533701 0
0.533755 0
0.533808 0
0.533861 0
0.533915 0
0.533968 0
0.534021 0
0.534075 0
0.534128 0
0.534182 0
0.534235 0
0.534288 0
0.534341 0
0.534395 0
0.534449 0
0.534502 0
0.534556 0
0.534609 0
0.534663 0
0.534716 0
0.534769 0
0.534823 0
0.534876 0
0.53493 0
0.534984 0
0.535037 0
0.53509 0
0.535144 0
0.535197 0
0.535251 0
0.535305 0
0.535359 0
0.535411 0
0.535465 0
0.535518 0
0.535572 0
0.535626 0
0.53568 0
0.535733 0
0.535786 0
0.53584 0
0.535893 0
0.535947 0
0.536001 0
0.536055 0
0.536108 0
0.536161 0
0.536215 0
0.536269 0
0.536322 0
0.536376 0
0.53643 0
0.536484 0
0.536537 0
0.536591 0
0.536644 0
0.536698 0
0.536751 0
0.536805 0
0.536859 0
0.536913 0
0.536967 0
0.53702 0
0.537074 0
0.537128 0
0.537181 0
0.537235 0
0.537288 0
0.537342 0
0.537396 0
0.53745 0
0.537504 0
0.537558 0
0.537612 0
0.537665 0
0.537719 0
0.537773 0
0.537826 0
0.53788 0
0.537934 0
0.537988 0
0.538041 0
0.538095 0
0.538149 0
0.538203 0
0.538257 0
0.538311 0
0.538364 0
0.538418 0
0.538472 0
0.538526 0
0.53858 0
0.538634 0
0.538688 0
0.538742 0
0.538795 0
0.538849 0
0.538903 0
0.538957 0
0.539011 0
0.539065 0
0.539119 0
0.539172 0
0.539226 0
0.539281 0
0.539335 0
0.539389 0
0.539443 0
0.539497 0
0.53955 0
0.539604 0
0.539658 0
0.539712 0
0.539766 0
0.53982 0
0.539874 0
0.539928 0
0.539982 0
0.540036 0
0.54009 0
0.540144 0
0.540198 0
0.540252 0
0.540306 0
0.54036 0
0.540414 0
0.540468 0
0.540522 0
0.540576 0
0.540631 0
0.540684 0
0.540738 0
0.540793 0
0.540847 0
0.540901 0
0.540955 0
0.541009 0
0.541063 0
0.541117 0
0.541171 0
0.541225 0
0.541279 0
0.541334 0
0.541388 0
0.541442 0
0.541496 0
0.54155 0
0.541605 0
0.541658 0
0.541712 0
0.541767 0
0.541821 0
0.541875 0
0.541929 0
0.541984 0
0.542038 0
0.542092 0
0.542146 0
0.5422 0
0.542254 0
0.542309 0
0.542363 0
0.542418 0
0.542472 0
0.542526 0
0.54258 0
0.542634 0
0.542688 0
0.542743 0
0.542798 0
0.542852 0
0.542906 0
0.54296 0
0.543014 0
0.543068 0
0.543123 0
0.543178 0
0.543232 0
0.543286 0
0.54334 0
0.543394 0
0.543449 0
0.543504 0
0.543558 0
0.543612 0
0.543667 0
0.54372 0
0.543775 0
0.543829 0
0.543884 0
0.543938 0
0.543993 0
0.544048 0
0.544101 0
0.544155 0
0.54421 0
0.544265 0
0.544319 0
0.544373 0
0.544428 0
0.544482 0
0.544537 0
0.544591 0
0.544646 0
0.5447 0
0.544755 0
0.544809 0
0.544863 0
0.544918 0
0.544973 0
0.545027 0
0.545081 0
0.545136 0
0.545191 0
0.545245 0
0.545299 0
0.545354 0
0.545409 0
0.545464 0
0.545518 0
0.545573 0
0.545627 0
0.545682 0
0.545736 0
0.545791 0
0.545846 0
0.5459 0
0.545955 0
0.546009 0
0.546064 0
0.546118 0
0.546173 0
0.546228 0
0.546282 0
0.546337 0
0.546392 0
0.546446 0
0.546501 0
0.546556 0
0.54661 0
0.546665 0
0.54672 0
0.546774 0
0.546828 0
0.546883 0
0.546938 0
0.546993 0
0.547048 0
0.547102 0
0.547157 0
0.547212 0
0.547266 0
0.547321 0
0.547376 0
0.547431 0
0.547486 0
0.547541 0
0.547595 0
0.547649 0
0.547705 0
0.547759 0
0.547814 0
0.547869 0
0.547924 0
0.547978 0
0.548033 0
0.548088 0
0.548143 0
0.548197 0
0.548253 0
0.548307 0
0.548362 0
0.548417 0
0.548472 0
0.548527 0
0.548582 0
0.548636 0
0.548692 0
0.548746 0
0.548801 0
0.548856 0
0.548911 0
0.548966 0
0.54902 0
0.549076 0
0.54913 0
0.549185 0
0.54924 0
0.549295 0
0.54935 0
0.549405 0
0.54946 0
0.549515 0
0.54957 0
0.549625 0
0.54968 0
0.549735 0
0.54979 0
0.549845 0
0.549899 0
0.549954 0
0.55001 0
0.550065 0
0.55012 0
0.550175 0
0.55023 0
0.550284 0
0.55034 0
0.550394 0
0.55045 0
0.550505 0
0.55056 0
0.550615 0
0.55067 0
0.550725 0
0.55078 0
0.550835 0
0.550891 0
0.550945 0
0.551001 0
0.551055 0
0.551111 0
0.551165 0
0.551221 0
0.551276 0
0.551332 0
0.551387 0
0.551441 0
0.551496 0
0.551552 0
0.551607 0
0.551662 0
0.551717 0
0.551773 0
0.551827 0
0.551883 0
0.551938 0
0.551993 0
0.552049 0
0.552104 0
0.552159 0
0.552214 0
0.552269 0
0.552324 0
0.55238 0
0.552435 0
0.55249 0
0.552546 0
0.5526 0
0.552656 0
0.552711 0
0.552767 0
0.552822 0
0.552877 0
0.552933 0
0.552987 0
0.553043 0
0.553098 0
0.553153 0
0.553209 0
0.553264 0
0.55332 0
0.553375 0
0.55343 0
0.553486 0
0.553541 0
0.553597 0
0.553652 0
0.553707 0
0.553762 0
0.553817 0
0.553873 0
0.553929 0
0.553984 0
0.55404 0
0.554095 0
0.55415 0
0.554206 0
0.554261 0
0.554316 0
0.554372 0
0.554427 0
0.554483 0
0.554538 0
0.554593 0
0.554649 0
0.554705 0
0.55476 0
0.554816 0
0.554871 0
0.554926 0
0.554982 0
0.555038 0
0.555093 0
0.555149 0
0.555204 0
0.55526 0
0.555315 0
0.555371 0
0.555426 0
0.555482 0
0.555538 0
0.555593 0
0.555648 0
0.555704 0
0.555759 0
0.555815 0
0.555871 0
0.555927 0
0.555982 0
0.556037 0
0.556093 0
0.556149 0
0.556204 0
0.55626 0
0.556316 0
0.556371 0
0.556427 0
0.556483 0
0.556538 0
0.556594 0
0.556649 0
0.556705 0
0.556761 0
0.556817 0
0.556872 0
0.556928 0
0.556984 0
0.557039 0
0.557095 0
0.557151 0
0.557207 0
0.557262 0
0.557317 0
0.557374 0
0.55743 0
0.557485 0
0.557541 0
0.557597 0
0.557652 0
0.557708 0
0.557764 0
0.557819 0
0.557875 0
0.557932 0
0.557988 0
0.558043 0
0.558098 0
0.558154 0
0.558211 0
0.558266 0
0.558322 0
0.558378 0
0.558433 0
0.55849 0
0.558545 0
0.558601 0
0.558657 0
0.558713 0
0.558769 0
0.558825 0
0.558881 0
0.558936 0
0.558992 0
0.559048 0
0.559104 0
0.55916 0
0.559216 0
0.559272 0
0.559328 0
0.559384 0
0.55944 0
0.559495 0
0.559552 0
0.559608 0
0.559664 0
0.559719 0
0.559775 0
0.559831 0
0.559887 0
0.559943 0
0.559999 0
0.560056 0
0.560112 0
0.560168 0
0.560224 0
0.56028 0
0.560336 0
0.560391 0
0.560447 0
0.560503 0
0.56056 0
0.560616 0
0.560672 0
0.560728 0
0.560784 0
0.56084 0
0.560896 0
0.560952 0
0.561008 0
0.561064 0
0.561121 0
0.561176 0
0.561233 0
0.561289 0
0.561345 0
0.561401 0
0.561458 0
0.561514 0
0.56157 0
0.561626 0
0.561682 0
0.561738 0
0.561794 0
0.561851 0
0.561907 0
0.561963 0
0.562019 0
0.562075 0
0.562131 0
0.562188 0
0.562244 0
0.5623 0
0.562356 0
0.562412 0
0.562469 0
0.562525 0
0.562581 0
0.562638 0
0.562694 0
0.56275 0
0.562806 0
0.562862 0
0.562919 0
0.562975 0
0.563032 0
0.563088 0
0.563144 0
0.5632 0
0.563257 0
0.563313 0
0.56337 0
0.563426 0
0.563483 0
0.563539 0
0.563595 0
0.563651 0
0.563708 0
0.563764 0
0.563821 0
0.563877 0
0.563933 0
0.56399 0
0.564046 0
0.564102 0
0.564158 0
0.564215 0
0.564272 0
0.564328 0
0.564384 0
0.564441 0
0.564497 0
0.564554 0
0.564611 0
0.564667 0
0.564723 0
0.56478 0
0.564836 0
0.564892 0
0.564949 0
0.565006 0
0.565062 0
0.565119 0
0.565175 0
0.565232 0
0.565289 0
0.565345 0
0.565401 0
0.565458 0
0.565515 0
0.565571 0
0.565627 0
0.565684 0
0.565741 0
0.565797 0
0.565854 0
0.56591 0
0.565967 0
0.566023 0
0.56608 0
0.566137 0
0.566193 0
0.56625 0
0.566307 0
0.566363 0
0.56642 0
0.566477 0
0.566533 0
0.56659 0
0.566647 0
0.566704 0
0.56676 0
0.566817 0
0.566873 0
0.56693 0
0.566987 0
0.567044 0
0.567101 0
0.567157 0
0.567213 0
0.56727 0
0.567327 0
0.567384 0
0.567441 0
0.567497 0
0.567553 0
0.56761 0
0.567668 0
0.567724 0
0.567781 0
0.567838 0
0.567895 0
0.567951 0
0.568008 0
0.568065 0
0.568122 0
0.568179 0
0.568236 0
0.568292 0
0.568349 0
0.568406 0
0.568463 0
0.568519 0
0.568576 0
0.568634 0
0.56869 0
0.568747 0
0.568804 0
0.568861 0
0.568918 0
0.568974 0
0.569032 0
0.569089 0
0.569145 0
0.569202 0
0.569259 0
0.569316 0
0.569373 0
0.56943 0
0.569487 0
0.569544 0
0.5696 0
0.569658 0
0.569715 0
0.569772 0
0.569829 0
0.569886 0
0.569942 0
0.569999 0
0.570057 0
0.570113 0
0.570171 0
0.570228 0
0.570285 0
0.570341 0
0.570399 0
0.570456 0
0.570513 0
0.57057 0
0.570627 0
0.570684 0
0.570741 0
0.570798 0
0.570855 0
0.570913 0
0.570969 0
0.571027 0
0.571084 0
0.57114 0
0.571198 0
0.571255 0
0.571312 0
0.57137 0
0.571426 0
0.571484 0
0.571541 0
0.571598 0
0.571655 0
0.571712 0
0.571769 0
0.571827 0
0.571884 0
0.571941 0
0.571998 0
0.572055 0
0.572113 0
0.57217 0
0.572227 0
0.572284 0
0.572341 0
0.572399 0
0.572456 0
0.572513 0
0.57257 0
0.572628 0
0.572685 0
0.572742 0
0.5728 0
0.572856 0
0.572914 0
0.572971 0
0.573029 0
0.573086 0
0.573143 0
0.573201 0
0.573258 0
0.573315 0
0.573372 0
0.57343 0
0.573487 0
0.573544 0
0.573602 0
0.573659 0
0.573717 0
0.573774 0
0.573832 0
0.573889 0
0.573946 0
0.574003 0
0.574061 0
0.574118 0
0.574176 0
0.574233 0
0.574291 0
0.574348 0
0.574406 0
0.574463 0
0.574521 0
0.574578 0
0.574636 0
0.574693 0
0.57475 0
0.574807 0
0.574865 0
0.574923 0
0.574981 0
0.575038 0
0.575095 0
0.575152 0
0.57521 0
0.575268 0
0.575325 0
0.575383 0
0.57544 0
0.575498 0
0.575555 0
0.575613 0
0.57567 0
0.575728 0
0.575786 0
0.575843 0
0.575901 0
0.575958 0
0.576016 0
0.576073 0
0.576132 0
0.576189 0
0.576247 0
0.576305 0
0.576361 0
0.57642 0
0.576477 0
0.576535 0
0.576593 0
0.57665 0
0.576708 0
0.576765 0
0.576823 0
0.576881 0
0.576938 0
0.576997 0
0.577054 0
0.577112 0
0.577169 0
0.577227 0
0.577285 0
0.577342 0
0.5774 0
0.577458 0
0.577516 0
0.577574 0
0.577631 0
0.577689 0
0.577747 0
0.577805 0
0.577862 0
0.577921 0
0.577978 0
0.578035 0
0.578094 0
0.578151 0
0.578209 0
0.578267 0
0.578325 0
0.578382 0
0.578441 0
0.578498 0
0.578556 0
0.578614 0
0.578672 0
0.57873 0
0.578788 0
0.578845 0
0.578903 0
0.578962 0
0.579019 0
0.579077 0
0.579135 0
0.579193 0
0.579251 0
0.579309 0
0.579367 0
0.579425 0
0.579483 0
0.579541 0
0.579598 0
0.579656 0
0.579714 0
0.579773 0
0.579831 0
0.579888 0
0.579946 0
0.580004 0
0.580062 0
0.58012 0
0.580178 0
0.580237 0
0.580295 0
0.580353 0
0.58041 0
0.580469 0
0.580527 0
0.580585 0
0.580643 0
0.580701 0
0.580759 0
0.580817 0
0.580875 0
0.580933 0
0.580992 0
0.58105 0
0.581107 0
0.581166 0
0.581224 0
0.581282 0
0.58134 0
0.581398 0
0.581456 0
0.581515 0
0.581573 0
0.581631 0
0.581688 0
0.581747 0
0.581805 0
0.581864 0
0.581922 0
0.58198 0
0.582038 0
0.582096 0
0.582155 0
0.582213 0
0.582271 0
0.582329 0
0.582387 0
0.582446 0
0.582504 0
0.582562 0
0.58262 0
0.582679 0
0.582737 0
0.582795 0
0.582853 0
0.582912 0
0.58297 0
0.583028 0
0.583087 0
0.583145 0
0.583203 0
0.583262 0
0.58332 0
0.583378 0
0.583437 0
0.583495 0
0.583553 0
0.583612 0
0.58367 0
0.583728 0
0.583786 0
0.583845 0
0.583904 0
0.583962 0
0.584021 0
0.584079 0
0.584137 0
0.584195 0
0.584254 0
0.584312 0
0.584371 0
0.584429 0
0.584488 0
0.584546 0
0.584605 0
0.584663 0
0.584722 0
0.58478 0
0.584839 0
0.584898 0
0.584955 0
0.585014 0
0.585072 0
0.585131 0
0.58519 0
0.585248 0
0.585307 0
0.585365 0
0.585423 0
0.585482 0
0.58554 0
0.585599 0
0.585658 0
0.585716 0
0.585775 0
0.585833 0
0.585892 0
0.58595 0
0.586009 0
0.586068 0
0.586127 0
0.586185 0
0.586243 0
0.586302 0
0.586361 0
0.586419 0
0.586478 0
0.586537 0
0.586595 0
0.586654 0
0.586713 0
0.586771 0
0.58683 0
0.586889 0
0.586948 0
0.587006 0
0.587065 0
0.587124 0
0.587183 0
0.587242 0
0.5873 0
0.587359 0
0.587417 0
0.587476 0
0.587535 0
0.587594 0
0.587653 0
0.587711 0
0.58777 0
0.587828 0
0.587887 0
0.587946 0
0.588005 0
0.588064 0
0.588123 0
0.588182 0
0.58824 0
0.588299 0
0.588358 0
0.588417 0
0.588476 0
0.588535 0
0.588594 0
0.588652 0
0.588711 0
0.58877 0
0.588829 0
0.588888 0
0.588947 0
0.589006 0
0.589064 0
0.589123 0
0.589182 0
0.589241 0
0.589301 0
0.589359 0
0.589418 0
0.589477 0
0.589536 0
0.589595 0
0.589654 0
0.589713 0
0.589772 0
0.589831 0
0.589889 0
0.589949 0
0.590008 0
0.590067 0
0.590126 0
0.590185 0
0.590244 0
0.590303 0
0.590362 0
0.590421 0
0.59048 0
0.590539 0
0.590598 0
0.590658 0
0.590716 0
0.590775 0
0.590834 0
0.590893 0
0.590953 0
0.591012 0
0.591071 0
0.591129 0
0.591189 0
0.591248 0
0.591308 0
0.591366 0
0.591426 0
0.591485 0
0.591544 0
0.591603 0
0.591662 0
0.591721 0
0.591781 0
0.59184 0
0.591899 0
0.591958 0
0.592017 0
0.592077 0
0.592135 0
0.592195 0
0.592255 0
0.592313 0
0.592372 0
0.592432 0
0.592491 0
0.59255 0
0.59261 0
0.592669 0
0.592728 0
0.592787 0
0.592846 0
0.592906 0
0.592965 0
0.593024 0
0.593084 0
0.593143 0
0.593202 0
0.593262 0
0.593321 0
0.59338 0
0.59344 0
0.5935 0
0.593558 0
0.593617 0
0.593677 0
0.593736 0
0.593796 0
0.593856 0
0.593915 0
0.593974 0
0.594033 0
0.594093 0
0.594152 0
0.594212 0
0.594271 0
0.594331 0
0.594391 0
0.594449 0
0.594509 0
0.594569 0
0.594628 0
0.594688 0
0.594747 0
0.594806 0
0.594866 0
0.594925 0
0.594984 0
0.595044 0
0.595104 0
0.595164 0
0.595223 0
0.595282 0
0.595342 0
0.595401 0
0.595461 0
0.595521 0
0.59558 0
0.59564 0
0.595699 0
0.595758 0
0.595818 0
0.595878 0
0.595938 0
0.595997 0
0.596057 0
0.596116 0
0.596176 0
0.596236 0
0.596295 0
0.596355 0
0.596414 0
0.596475 0
0.596533 0
0.596593 0
0.596653 0
0.596713 0
0.596773 0
0.596832 0
0.596892 0
0.596951 0
0.597011 0
0.59707 0
0.597131 0
0.59719 0
0.59725 0
0.59731 0
0.597369 0
0.597429 0
0.597489 0
0.597549 0
0.597609 0
0.597668 0
0.597728 0
0.597788 0
0.597847 0
0.597907 0
0.597967 0
0.598027 0
0.598087 0
0.598146 0
0.598206 0
0.598266 0
0.598326 0
0.598386 0
0.598446 0
0.598505 0
0.598566 0
0.598625 0
0.598685 0
0.598745 0
0.598805 0
0.598865 0
0.598925 0
0.598985 0
0.599044 0
0.599104 0
0.599164 0
0.599224 0
0.599284 0
0.599344 0
0.599404 0
0.599464 0
0.599524 0
0.599584 0
0.599644 0
0.599704 0
0.599764 0
0.599824 0
0.599884 0
0.599943 0
0.600003 0
0.600064 0
0.600124 0
0.600184 0
0.600244 0
0.600304 0
0.600364 0
0.600424 0
0.600484 0
0.600544 0
0.600604 0
0.600664 0
0.600725 0
0.600784 0
0.600844 0
0.600904 0
0.600964 0
0.601025 0
0.601085 0
0.601145 0
0.601205 0
0.601265 0
0.601325 0
0.601385 0
0.601445 0
0.601506 0
0.601566 0
0.601626 0
0.601686 0
0.601746 0
0.601806 0
0.601867 0
0.601927 0
0.601987 0
0.602047 0
0.602107 0
0.602167 0
0.602228 0
0.602288 0
0.602348 0
0.602409 0
0.602469 0
0.602529 0
0.602589 0
0.60265 0
0.60271 0
0.60277 0
0.602831 0
0.60289 0
0.60295 0
0.603011 0
0.603072 0
0.603132 0
0.603192 0
0.603253 0
0.603313 0
0.603373 0
0.603433 0
0.603494 0
0.603554 0
0.603615 0
0.603675 0
0.603735 0
0.603796 0
0.603856 0
0.603916 0
0.603977 0
0.604038 0
0.604098 0
0.604158 0
0.604219 0
0.604279 0
0.604339 0
0.6044 0
0.60446 0
0.604521 0
0.604581 0
0.604641 0
0.604702 0
0.604763 0
0.604823 0
0.604884 0
0.604944 0
0.605004 0
0.605065 0
0.605126 0
0.605186 0
0.605247 0
0.605307 0
0.605367 0
0.605428 0
0.605489 0
0.605549 0
0.60561 0
0.60567 0
0.605731 0
0.605792 0
0.605852 0
0.605912 0
0.605973 0
0.606034 0
0.606094 0
0.606155 0
0.606216 0
0.606276 0
0.606337 0
0.606397 0
0.606458 0
0.606519 0
0.60658 0
0.60664 0
0.606701 0
0.606761 0
0.606822 0
0.606883 0
0.606943 0
0.607004 0
0.607065 0
0.607126 0
0.607186 0
0.607247 0
0.607308 0
0.607369 0
0.607429 0
0.60749 0
0.60755 0
0.607611 0
0.607672 0
0.607733 0
0.607794 0
0.607855 0
0.607916 0
0.607976 0
0.608037 0
0.608098 0
0.608159 0
0.60822 0
0.60828 0
0.608341 0
0.608401 0
0.608462 0
0.608523 0
0.608584 0
0.608645 0
0.608706 0
0.608767 0
0.608828 0
0.608889 0
0.60895 0
0.609011 0
0.609072 0
0.609133 0
0.609194 0
0.609254 0
0.609315 0
0.609376 0
0.609437 0
0.609498 0
0.609559 0
0.60962 0
0.609681 0
0.609742 0
0.609803 0
0.609864 0
0.609925 0
0.609986 0
0.610047 0
0.610108 0
0.610169 0
0.61023 0
0.610291 0
0.610352 0
0.610413 0
0.610474 0
0.610535 0
0.610596 0
0.610657 0
0.610718 0
0.610779 0
0.610841 0
0.610902 0
0.610962 0
0.611024 0
0.611085 0
0.611146 0
0.611207 0
0.611268 0
0.611329 0
0.61139 0
0.611451 0
0.611512 0
0.611574 0
0.611635 0
0.611696 0
0.611758 0
0.611818 0
0.61188 0
0.611941 0
0.612002 0
0.612063 0
0.612124 0
0.612186 0
0.612246 0
0.612308 0
0.612369 0
0.612431 0
0.612492 0
0.612553 0
0.612614 0
0.612675 0
0.612737 0
0.612798 0
0.61286 0
0.612921 0
0.612982 0
0.613043 0
0.613104 0
0.613166 0
0.613227 0
0.613289 0
0.61335 0
0.613411 0
0.613473 0
0.613534 0
0.613595 0
0.613657 0
0.613718 0
0.613779 0
0.613841 0
0.613903 0
0.613963 0
0.614025 0
0.614087 0
0.614148 0
0.614209 0
0.614271 0
0.614333 0
0.614394 0
0.614455 0
0.614516 0
0.614578 0
0.61464 0
0.614701 0
0.614762 0
0.614823 0
0.614885 0
0.614947 0
0.615008 0
0.61507 0
0.615132 0
0.615193 0
0.615254 0
0.615315 0
0.615377 0
0.615439 0
0.6155 0
0.615562 0
0.615624 0
0.615685 0
0.615746 0
0.615808 0
0.61587 0
0.615932 0
0.615993 0
0.616055 0
0.616116 0
0.616178 0
0.616239 0
0.616301 0
0.616363 0
0.616424 0
0.616486 0
0.616548 0
0.616609 0
0.616671 0
0.616733 0
0.616794 0
0.616856 0
0.616918 0
0.616979 0
0.617041 0
0.617103 0
0.617165 0
0.617226 0
0.617288 0
0.61735 0
0.617411 0
0.617473 0
0.617535 0
0.617596 0
0.617659 0
0.61772 0
0.617782 0
0.617844 0
0.617906 0
0.617967 0
0.618029 0
0.618091 0
0.618153 0
0.618215 0
0.618276 0
0.618338 0
0.6184 0
0.618462 0
0.618524 0
0.618586 0
0.618648 0
0.618709 0
0.618771 0
0.618833 0
0.618895 0
0.618957 0
0.619019 0
0.619081 0
0.619142 0
0.619205 0
0.619266 0
0.619329 0
0.61939 0
0.619453 0
0.619514 0
0.619577 0
0.619638 0
0.6197 0
0.619762 0
0.619824 0
0.619886 0
0.619948 0
0.620011 0
0.620072 0
0.620134 0
0.620196 0
0.620258 0
0.620321 0
0.620382 0
0.620445 0
0.620506 0
0.620568 0
0.62063 0
0.620693 0
0.620754 0
0.620817 0
0.620879 0
0.620941 0
0.621003 0
0.621065 0
0.621127 0
0.621189 0
0.621251 0
0.621314 0
0.621376 0
0.621438 0
0.6215 0
0.621562 0
0.621624 0
0.621687 0
0.621749 0
0.621811 0
0.621873 0
0.621935 0
0.621997 0
0.62206 0
0.622122 0
0.622184 0
0.622246 0
0.622309 0
0.62237 0
0.622433 0
0.622495 0
0.622557 0
0.62262 0
0.622681 0
0.622744 0
0.622806 0
0.622869 0
0.622931 0
0.622993 0
0.623056 0
0.623117 0
0.62318 0
0.623242 0
0.623305 0
0.623367 0
0.623429 0
0.623492 0
0.623554 0
0.623617 0
0.623679 0
0.623741 0
0.623804 0
0.623866 0
0.623929 0
0.623991 0
0.624053 0
0.624116 0
0.624178 0
0.62424 0
0.624303 0
0.624366 0
0.624428 0
0.62449 0
0.624552 0
0.624616 0
0.624678 0
0.62474 0
0.624803 0
0.624865 0
0.624927 0
0.62499 0
0.625052 0
0.625115 0
0.625178 0
0.62524 0
0.625303 0
0.625365 0
0.625427 0
0.62549 0
0.625553 0
0.625616 0
0.625678 0
0.62574 0
0.625803 0
0.625865 0
0.625929 0
0.625991 0
0.626053 0
0.626116 0
0.626179 0
0.626241 0
0.626304 0
0.626367 0
0.626429 0
0.626492 0
0.626555 0
0.626617 0
0.62668 0
0.626742 0
0.626805 0
0.626868 0
0.626931 0
0.626993 0
0.627056 0
0.627119 0
0.627181 0
0.627244 0
0.627307 0
0.62737 0
0.627433 0
0.627495 0
0.627558 0
0.627621 0
0.627683 0
0.627746 0
0.627809 0
0.627872 0
0.627934 0
0.627997 0
0.62806 0
0.628123 0
0.628186 0
0.628249 0
0.628312 0
0.628374 0
0.628437 0
0.6285 0
0.628563 0
0.628626 0
0.628688 0
0.628751 0
0.628814 0
0.628877 0
0.62894 0
0.629003 0
0.629065 0
0.629129 0
0.629192 0
0.629254 0
0.629317 0
0.62938 0
0.629443 0
0.629506 0
0.62957 0
0.629633 0
0.629695 0
0.629758 0
0.629821 0
0.629884 0
0.629947 0
0.63001 0
0.630074 0
0.630136 0
0.630199 0
0.630262 0
0.630325 0
0.630388 0
0.630451 0
0.630514 0
0.630577 0
0.63064 0
0.630703 0
0.630767 0
0.63083 0
0.630893 0
0.630956 0
0.631018 0
0.631082 0
0.631145 0
0.631208 0
0.631272 0
0.631335 0
0.631398 0
0.631461 0
0.631524 0
0.631587 0
0.63165 0
0.631713 0
0.631777 0
0.63184 0
0.631902 0
0.631966 0
0.632029 0
0.632092 0
0.632155 0
0.632219 0
0.632282 0
0.632345 0
0.632409 0
0.632472 0
0.632535 0
0.632599 0
0.632662 0
0.632725 0
0.632788 0
0.632852 0
0.632915 0
0.632978 0
0.633042 0
0.633105 0
0.633168 0
0.633231 0
0.633295 0
0.633358 0
0.633421 0
0.633485 0
0.633548 0
0.633611 0
0.633675 0
0.633738 0
0.633801 0
0.633865 0
0.633928 0
0.633992 0
0.634055 0
0.634118 0
0.634181 0
0.634245 0
0.634309 0
0.634372 0
0.634436 0
0.634499 0
0.634562 0
0.634626 0
0.63469 0
0.634753 0
0.634816 0
0.63488 0
0.634943 0
0.635006 0
0.63507 0
0.635134 0
0.635197 0
0.635261 0
0.635325 0
0.635389 0
0.635451 0
0.635515 0
0.635578 0
0.635642 0
0.635706 0
0.635769 0
0.635833 0
0.635896 0
0.63596 0
0.636024 0
0.636087 0
0.636151 0
0.636215 0
0.636278 0
0.636341 0
0.636405 0
0.636469 0
0.636533 0
0.636596 0
0.63666 0
0.636724 0
0.636787 0
0.636851 0
0.636915 0
0.636978 0
0.637042 0
0.637106 0
0.63717 0
0.637233 0
0.637297 0
0.63736 0
0.637424 0
0.637488 0
0.637552 0
0.637616 0
0.637679 0
0.637743 0
0.637807 0
0.637871 0
0.637935 0
0.637998 0
0.638062 0
0.638126 0
0.63819 0
0.638253 0
0.638317 0
0.638381 0
0.638446 0
0.638509 0
0.638572 0
0.638636 0
0.638701 0
0.638765 0
0.638828 0
0.638892 0
0.638957 0
0.63902 0
0.639083 0
0.639148 0
0.639212 0
0.639276 0
0.63934 0
0.639404 0
0.639468 0
0.639531 0
0.639595 0
0.639659 0
0.639723 0
0.639787 0
0.639852 0
0.639916 0
0.639979 0
0.640043 0
0.640107 0
0.640171 0
0.640235 0
0.6403 0
0.640363 0
0.640427 0
0.640491 0
0.640556 0
0.640619 0
0.640684 0
0.640748 0
0.640812 0
0.640876 0
0.64094 0
0.641004 0
0.641068 0
0.641132 0
0.641196 0
0.641261 0
0.641325 0
0.641388 0
0.641453 0
0.641517 0
0.641581 0
0.641646 0
0.64171 0
0.641773 0
0.641838 0
0.641902 0
0.641966 0
0.64203 0
0.642095 0
0.642159 0
0.642223 0
0.642287 0
0.642352 0
0.642416 0
0.64248 0
0.642544 0
0.642609 0
0.642673 0
0.642737 0
0.642802 0
0.642865 0
0.64293 0
0.642994 0
0.643059 0
0.643123 0
0.643187 0
0.643252 0
0.643316 0
0.643381 0
0.643444 0
0.643509 0
0.643573 0
0.643637 0
0.643702 0
0.643766 0
0.643831 0
0.643895 0
0.64396 0
0.644023 0
0.644088 0
0.644152 0
0.644217 0
0.644281 0
0.644346 0
0.64441 0
0.644475 0
0.644539 0
0.644604 0
0.644668 0
0.644733 0
0.644797 0
0.644862 0
0.644926 0
0.644991 0
0.645055 0
0.64512 0
0.645184 0
0.645249 0
0.645313 0
0.645378 0
0.645442 0
0.645507 0
0.645571 0
0.645636 0
0.645701 0
0.645765 0
0.645829 0
0.645894 0
0.645959 0
0.646023 0
0.646088 0
0.646153 0
0.646218 0
0.646281 0
0.646347 0
0.646411 0
0.646476 0
0.646541 0
0.646605 0
0.64667 0
0.646734 0
0.646799 0
0.646864 0
0.646928 0
0.646994 0
0.647058 0
0.647123 0
0.647187 0
0.647252 0
0.647317 0
0.647381 0
0.647446 0
0.647511 0
0.647576 0
0.64764 0
0.647705 0
0.64777 0
0.647835 0
0.6479 0
0.647964 0
0.64803 0
0.648093 0
0.648159 0
0.648224 0
0.648288 0
0.648353 0
0.648418 0
0.648483 0
0.648548 0
0.648613 0
0.648677 0
0.648743 0
0.648807 0
0.648872 0
0.648937 0
0.649002 0
0.649066 0
0.649132 0
0.649197 0
0.649262 0
0.649326 0
0.649392 0
0.649456 0
0.649521 0
0.649587 0
0.649651 0
0.649716 0
0.649781 0
0.649847 0
0.649911 0
0.649976 0
0.650041 0
0.650106 0
0.650171 0
0.650236 0
0.650302 0
0.650366 0
0.650431 0
0.650496 0
0.650562 0
0.650627 0
0.650692 0
0.650757 0
0.650822 0
0.650887 0
0.650952 0
0.651017 0
0.651082 0
0.651148 0
0.651213 0
0.651277 0
0.651343 0
0.651408 0
0.651473 0
0.651538 0
0.651603 0
0.651669 0
0.651733 0
0.651798 0
0.651864 0
0.651929 0
0.651994 0
0.65206 0
0.652125 0
0.652189 0
0.652255 0
0.65232 0
0.652386 0
0.652451 0
0.652516 0
0.652581 0
0.652646 0
0.652712 0
0.652777 0
0.652843 0
0.652908 0
0.652973 0
0.653038 0
0.653103 0
0.653169 0
0.653234 0
0.6533 0
0.653365 0
0.65343 0
0.653496 0
0.653561 0
0.653626 0
0.653692 0
0.653757 0
0.653823 0
0.653888 0
0.653953 0
0.654018 0
0.654083 0
0.654149 0
0.654215 0
0.65428 0
0.654346 0
0.654412 0
0.654476 0
0.654542 0
0.654607 0
0.654673 0
0.654738 0
0.654804 0
0.654869 0
0.654934 0
0.655 0
0.655066 0
0.655131 0
0.655197 0
0.655263 0
0.655328 0
0.655393 0
0.655459 0
0.655525 0
0.65559 0
0.655656 0
0.655722 0
0.655787 0
0.655852 0
0.655918 0
0.655983 0
0.656049 0
0.656115 0
0.656181 0
0.656246 0
0.656311 0
0.656377 0
0.656443 0
0.656508 0
0.656574 0
0.65664 0
0.656706 0
0.656771 0
0.656836 0
0.656902 0
0.656968 0
0.657034 0
0.6571 0
0.657166 0
0.657231 0
0.657297 0
0.657363 0
0.657429 0
0.657494 0
0.65756 0
0.657626 0
0.657691 0
0.657757 0
0.657823 0
0.657888 0
0.657954 0
0.65802 0
0.658086 0
0.658151 0
0.658217 0
0.658283 0
0.658349 0
0.658415 0
0.658481 0
0.658547 0
0.658613 0
0.658679 0
0.658744 0
0.65881 0
0.658876 0
0.658942 0
0.659008 0
0.659074 0
0.65914 0
0.659206 0
0.659272 0
0.659337 0
0.659403 0
0.65947 0
0.659536 0
0.659601 0
0.659667 0
0.659734 0
0.659799 0
0.659865 0
0.659931 0
0.659998 0
0.660063 0
0.660129 0
0.660195 0
0.660261 0
0.660327 0
0.660394 0
0.66046 0
0.660525 0
0.660592 0
0.660657 0
0.660724 0
0.66079 0
0.660856 0
0.660922 0
0.660988 0
0.661054 0
0.66112 0
0.661187 0
0.661253 0
0.661318 0
0.661385 0
0.661451 0
0.661517 0
0.661583 0
0.661649 0
0.661716 0
0.661782 0
0.661848 0
0.661914 0
0.66198 0
0.662046 0
0.662113 0
0.662179 0
0.662245 0
0.662312 0
0.662377 0
0.662444 0
0.66251 0
0.662576 0
0.662643 0
0.662709 0
0.662775 0
0.662841 0
0.662908 0
0.662974 0
0.66304 0
0.663107 0
0.663173 0
0.663239 0
0.663305 0
0.663372 0
0.663438 0
0.663505 0
0.663571 0
0.663637 0
0.663704 0
0.66377 0
0.663836 0
0.663902 0
0.663969 0
0.664036 0
0.664102 0
0.664169 0
0.664235 0
0.664301 0
0.664368 0
0.664434 0
0.6645 0
0.664567 0
0.664634 0
0.664699 0
0.664766 0
0.664833 0
0.664899 0
0.664966 0
0.665032 0
0.665099 0
0.665165 0
0.665231 0
0.665298 0
0.665365 0
0.665432 0
0.665499 0
0.665565 0
0.665631 0
0.665698 0
0.665764 0
0.665831 0
0.665897 0
0.665964 0
0.666031 0
0.666097 0
0.666164 0
0.66623 0
0.666297 0
0.666364 0
0.666431 0
0.666497 0
0.666563 0
0.66663 0
0.666697 0
0.666764 0
0.66683 0
0.666897 0
0.666964 0
0.66703 0
0.667097 0
0.667164 0
0.667231 0
0.667297 0
0.667365 0
0.667431 0
0.667497 0
0.667564 0
0.667631 0
0.667698 0
0.667765 0
0.667831 0
0.667899 0
0.667965 0
0.668031 0
0.668099 0
0.668165 0
0.668232 0
0.668299 0
0.668366 0
0.668432 0
0.6685 0
0.668566 0
0.668633 0
0.6687 0
0.668767 0
0.668834 0
0.668901 0
0.668968 0
0.669034 0
0.669102 0
0.669168 0
0.669236 0
0.669302 0
0.669369 0
0.669436 0
0.669503 0
0.66957 0
0.669637 0
0.669704 0
0.669771 0
0.669838 0
0.669905 0
0.669972 0
0.670039 0
0.670106 0
0.670173 0
0.67024 0
0.670307 0
0.670374 0
0.670441 0
0.670508 0
0.670575 0
0.670642 0
0.67071 0
0.670776 0
0.670843 0
0.67091 0
0.670978 0
0.671045 0
0.671112 0
0.671179 0
0.671246 0
0.671313 0
0.67138 0
0.671447 0
0.671515 0
0.671582 0
0.671649 0
0.671716 0
0.671783 0
0.67185 0
0.671918 0
0.671985 0
0.672052 0
0.67212 0
0.672186 0
0.672253 0
0.672321 0
0.672388 0
0.672455 0
0.672523 0
0.67259 0
0.672657 0
0.672724 0
0.672792 0
0.672859 0
0.672926 0
0.672994 0
0.673061 0
0.673128 0
0.673196 0
0.673263 0
0.67333 0
0.673397 0
0.673465 0
0.673533 0
0.673599 0
0.673667 0
0.673734 0
0.673802 0
0.673869 0
0.673936 0
0.674004 0
0.674071 0
0.674138 0
0.674206 0
0.674274 0
0.674341 0
0.674408 0
0.674476 0
0.674543 0
0.67461 0
0.674678 0
0.674745 0
0.674813 0
0.674881 0
0.674948 0
0.675015 0
0.675083 0
0.675151 0
0.675218 0
0.675286 0
0.675353 0
0.675421 0
0.675488 0
0.675556 0
0.675623 0
0.675691 0
0.675758 0
0.675826 0
0.675894 0
0.675961 0
0.676029 0
0.676096 0
0.676164 0
0.676232 0
0.6763 0
0.676367 0
0.676434 0
0.676502 0
0.676569 0
0.676637 0
0.676705 0
0.676773 0
0.676841 0
0.676908 0
0.676976 0
0.677043 0
0.677111 0
0.677179 0
0.677247 0
0.677315 0
0.677382 0
0.67745 0
0.677518 0
0.677585 0
0.677653 0
0.677721 0
0.677789 0
0.677856 0
0.677924 0
0.677992 0
0.67806 0
0.678128 0
0.678196 0
0.678264 0
0.678331 0
0.678399 0
0.678467 0
0.678535 0
0.678602 0
0.67867 0
0.678738 0
0.678806 0
0.678874 0
0.678942 0
0.67901 0
0.679078 0
0.679146 0
0.679214 0
0.679282 0
0.67935 0
0.679418 0
0.679486 0
0.679554 0
0.679622 0
0.67969 0
0.679757 0
0.679825 0
0.679893 0
0.679961 0
0.680029 0
0.680098 0
0.680166 0
0.680233 0
0.680301 0
0.680369 0
0.680438 0
0.680506 0
0.680574 0
0.680642 0
0.68071 0
0.680778 0
0.680846 0
0.680914 0
0.680982 0
0.68105 0
0.681118 0
0.681186 0
0.681254 0
0.681322 0
0.681391 0
0.681459 0
0.681527 0
0.681596 0
0.681664 0
0.681731 0
0.6818 0
0.681868 0
0.681936 0
0.682004 0
0.682072 0
0.682141 0
0.682208 0
0.682277 0
0.682345 0
0.682414 0
0.682482 0
0.68255 0
0.682618 0
0.682686 0
0.682754 0
0.682823 0
0.682891 0
0.68296 0
0.683028 0
0.683096 0
0.683164 0
0.683232 0
0.683301 0
0.68337 0
0.683438 0
0.683507 0
0.683575 0
0.683643 0
0.683711 0
0.683779 0
0.683848 0
0.683917 0
0.683985 0
0.684053 0
0.684121 0
0.68419 0
0.684259 0
0.684327 0
0.684395 0
0.684464 0
0.684533 0
0.6846 0
0.684669 0
0.684738 0
0.684806 0
0.684875 0
0.684944 0
0.685012 0
0.68508 0
0.685148 0
0.685217 0
0.685286 0
0.685354 0
0.685423 0
0.685492 0
0.68556 0
0.685628 0
0.685697 0
0.685766 0
0.685835 0
0.685903 0
0.685971 0
0.686039 0
0.686109 0
0.686177 0
0.686246 0
0.686315 0
0.686383 0
0.686452 0
0.68652 0
0.686589 0
0.686658 0
0.686726 0
0.686795 0
0.686864 0
0.686932 0
0.687001 0
0.68707 0
0.687138 0
0.687207 0
0.687276 0
0.687345 0
0.687414 0
0.687482 0
0.687551 0
0.687619 0
0.687688 0
0.687757 0
0.687826 0
0.687895 0
0.687964 0
0.688032 0
0.688101 0
0.68817 0
0.688239 0
0.688308 0
0.688376 0
0.688445 0
0.688514 0
0.688583 0
0.688652 0
0.688721 0
0.68879 0
0.688859 0
0.688927 0
0.688996 0
0.689065 0
0.689134 0
0.689203 0
0.689272 0
0.689341 0
0.68941 0
0.689478 0
0.689548 0
0.689616 0
0.689686 0
0.689755 0
0.689824 0
0.689892 0
0.689961 0
0.69003 0
0.690099 0
0.690169 0
0.690238 0
0.690307 0
0.690375 0
0.690444 0
0.690514 0
0.690582 0
0.690652 0
0.690721 0
0.69079 0
0.690859 0
0.690928 0
0.690997 0
0.691066 0
0.691136 0
0.691205 0
0.691274 0
0.691342 0
0.691412 0
0.691481 0
0.691551 0
0.691619 0
0.691689 0
0.691758 0
0.691827 0
0.691896 0
0.691966 0
0.692034 0
0.692104 0
0.692173 0
0.692242 0
0.692311 0
0.692381 0
0.69245 0
0.692519 0
0.692589 0
0.692658 0
0.692727 0
0.692796 0
0.692865 0
0.692934 0
0.693004 0
0.693073 0
0.693142 0
0.693212 0
0.693281 0
0.693351 0
0.69342 0
0.693489 0
0.693559 0
0.693628 0
0.693698 0
0.693766 0
0.693836 0
0.693905 0
0.693975 0
0.694045 0
0.694114 0
0.694183 0
0.694252 0
0.694322 0
0.694391 0
0.694461 0
0.69453 0
0.6946 0
0.694669 0
0.694739 0
0.694808 0
0.694877 0
0.694947 0
0.695017 0
0.695086 0
0.695156 0
0.695225 0
0.695295 0
0.695364 0
0.695434 0
0.695503 0
0.695573 0
0.695643 0
0.695712 0
0.695781 0
0.695851 0
0.695921 0
0.695991 0
0.69606 0
0.696129 0
0.696199 0
0.696268 0
0.696338 0
0.696408 0
0.696478 0
0.696547 0
0.696617 0
0.696686 0
0.696756 0
0.696826 0
0.696896 0
0.696966 0
0.697035 0
0.697105 0
0.697174 0
0.697244 0
0.697314 0
0.697384 0
0.697454 0
0.697523 0
0.697593 0
0.697663 0
0.697732 0
0.697802 0
0.697872 0
0.697942 0
0.698012 0
0.698082 0
0.698151 0
0.698221 0
0.698291 0
0.698361 0
0.698431 0
0.6985 0
0.69857 0
0.69864 0
0.69871 0
0.69878 0
0.69885 0
0.698919 0
0.69899 0
0.69906 0
0.699129 0
0.699199 0
0.699269 0
0.699339 0
0.699409 0
0.699479 0
0.699549 0
0.699618 0
0.699688 0
0.699759 0
0.699829 0
0.699899 0
0.699969 0
0.700039 0
0.700108 0
0.700178 0
0.700249 0
0.700319 0
0.700389 0
0.700459 0
0.700529 0
0.700598 0
0.700669 0
0.700739 0
0.700809 0
0.700879 0
0.70095 0
0.701021 0
